220
8 250 2
8 282 2
8 305 2
7 307 2
8 308 2
7 316 2
7 343 2
8 349 2
8 355 2
8 357 2
8 368 2
7 393 2
7 394 2
8 398 2
7 399 2
8 400 2
8 409 2
8 416 2
8 423 2
7 430 2
7 431 2
7 432 2
7 437 2
7 443 2
8 447 2
8 452 2
7 457 2
7 458 2
7 468 2
8 470 2
7 476 2
8 483 2
7 494 2
7 512 2
8 513 2
8 514 2
8 516 2
8 517 2
7 521 2
7 553 2
7 582 2
7 589 2
7 607 2
8 611 2
7 623 2
7 635 2
8 657 2
7 675 2
7 676 2
7 684 2
7 700 2
7 701 2
8 702 2
8 710 2
7 718 2
8 732 2
7 741 2
8 742 2
7 759 2
7 772 2
7 774 2
7 775 2
7 787 2
7 788 2
8 791 2
8 792 2
8 793 2
8 806 2
7 826 2
7 828 2
7 848 2
8 850 2
8 851 2
5 852 2
7 870 2
6 871 2
8 872 2
8 873 2
8 874 2
8 876 2
8 877 2
8 878 2
8 879 2
8 880 2
8 881 2
8 882 2
8 883 2
8 884 2
8 885 2
8 886 2
8 887 2
8 888 2
7 903 2
8 908 2
7 929 2
7 944 2
7 945 2
7 946 2
7 947 2
7 948 2
7 949 2
7 950 2
7 951 2
7 952 2
7 953 2
8 997 2
8 1019 2
8 1021 2
8 1022 2
8 1023 2
7 1036 2
7 1037 2
5 1038 2
6 1058 2
8 1088 2
8 1089 2
8 1090 2
6 1099 2
5 1105 2
7 1115 2
7 1116 2
7 1117 2
7 1133 2
7 1134 2
7 1135 2
8 1149 2
5 1150 2
5 1151 2
7 1160 2
7 1167 2
6 1168 2
7 1173 2
5 1174 2
8 1178 2
8 1196 2
7 1211 2
5 1232 2
7 1242 2
7 1251 2
8 1265 2
7 1276 2
7 1296 2
8 1298 2
7 1336 2
8 1367 2
8 1370 2
8 1372 2
8 1373 2
7 1380 2
7 1385 2
7 1386 2
7 1409 2
7 1437 2
7 1465 2
7 1474 2
6 1506 2
7 1525 2
7 1574 2
7 1611 2
7 1626 2
7 1627 2
7 1631 2
7 1644 2
7 1646 2
7 1658 2
7 1693 2
7 1704 2
7 1713 2
7 1723 2
7 1732 2
7 1754 2
7 1768 2
7 1787 2
7 1875 2
7 1887 2
7 1905 2
7 1933 2
8 1956 2
5 1957 2
6 1958 2
6 1967 2
8 1970 2
8 1971 2
8 1973 2
8 1974 2
8 1977 2
8 1979 2
8 1985 2
8 1987 2
8 1996 2
8 1998 2
8 2002 2
8 2009 2
8 2011 2
8 2012 2
5 2061 2
8 2062 2
5 2063 2
7 2064 2
6 2065 2
7 2066 2
6 2067 2
8 2068 2
6 2115 2
8 2300 2
8 2302 2
8 2304 2
8 2308 2
8 2309 2
8 2312 2
8 2313 2
8 2317 2
8 2318 2
8 2320 2
8 2321 2
8 2334 2
8 2335 2
8 2337 2
8 2339 2
8 2340 2
