2406 1314
9 2 579 1028 838 
9 2 1160 1180 296 
9 2 298 1179 303 
9 2 790 954 275 
9 2 296 1306 1160 
9 2 303 1305 298 
9 2 588 972 291 
9 2 275 1230 790 
9 2 650 1208 1196 
9 2 680 1203 1194 
9 2 129 1206 1191 
9 2 671 1204 1192 
9 2 267 1222 1220 
9 2 1220 1222 807 
9 2 1213 1214 513 
9 2 873 1214 1213 
9 2 838 1183 579 
9 2 1196 1208 273 
9 2 1194 1203 247 
9 2 1191 1206 644 
9 2 1192 1204 255 
9 2 588 1182 972 
9 2 838 1028 584 
9 2 291 1184 588 
9 2 303 1179 302 
9 2 768 1180 1160 
9 2 1066 1306 990 
9 2 964 1305 1012 
9 2 1181 1231 592 
9 2 300 1231 1181 
9 2 1012 1230 964 
9 2 301 1182 1178 
9 2 589 1182 588 
9 2 841 1289 1211 
9 2 1207 1283 889 
9 2 1200 1279 932 
9 2 1201 1272 238 
9 2 733 1253 1227 
9 2 605 1254 1229 
9 2 724 1249 1224 
9 2 516 1246 1219 
9 2 1212 1244 266 
9 2 987 1243 1210 
9 2 621 1235 1186 
9 2 1226 1301 200 
9 2 740 1302 1228 
9 2 1225 1300 193 
9 2 1223 1299 190 
9 2 1221 1297 183 
9 2 1218 1295 177 
9 2 1216 1292 865 
9 2 382 1293 1217 
9 2 388 1291 1215 
9 2 1209 1285 664 
9 2 1205 1282 135 
9 2 1202 1280 147 
9 2 629 1268 1190 
9 2 418 1286 1199 
9 2 1198 1269 126 
9 2 141 1273 1193 
9 2 138 1277 1197 
9 2 643 1274 1195 
9 2 1189 1267 123 
9 2 622 1265 1187 
9 2 1188 1266 120 
9 2 790 1184 954 
9 2 990 1307 1066 
9 2 990 1306 296 
9 2 298 1305 964 
9 2 1182 1312 1178 
9 2 1228 1302 245 
9 2 607 1301 1226 
9 2 745 1300 1225 
9 2 738 1299 1223 
9 2 725 1297 1221 
9 2 514 1292 1216 
9 2 808 1295 1218 
9 2 1217 1293 866 
9 2 1215 1291 872 
9 2 257 1285 1209 
9 2 658 1282 1205 
9 2 705 1280 1202 
9 2 1199 1286 890 
9 2 1190 1268 254 
9 2 637 1269 1198 
9 2 1195 1274 239 
9 2 1197 1277 665 
9 2 1193 1273 672 
9 2 630 1267 1189 
9 2 1187 1265 246 
9 2 623 1266 1188 
9 2 1227 1253 226 
9 2 1229 1254 221 
9 2 1224 1249 227 
9 2 1219 1246 859 
9 2 844 1244 1212 
9 2 1210 1243 916 
9 2 1186 1235 284 
9 2 1211 1289 918 
9 2 508 1283 1207 
9 2 940 1279 1200 
9 2 704 1272 1201 
9 2 1149 1176 94 
9 2 1133 1144 72 
9 2 1129 1136 260 
9 2 645 1051 642 
9 2 466 687 464 
9 2 1116 1124 409 
9 2 501 1051 645 
9 2 638 640 498 
9 2 645 647 501 
9 2 460 682 458 
9 2 652 1044 649 
9 2 652 654 502 
9 2 1093 1099 39 
9 2 470 1032 468 
9 2 502 1044 652 
9 2 472 673 470 
9 2 454 684 452 
9 2 673 1032 470 
9 2 452 1052 450 
9 2 684 1052 452 
9 2 659 661 503 
9 2 631 633 497 
9 2 631 1071 628 
9 2 448 685 446 
9 2 497 1071 631 
9 2 666 1024 663 
9 2 647 682 501 
9 2 498 687 466 
9 2 501 682 460 
9 2 640 687 498 
9 2 610 611 609 
9 2 504 1024 666 
9 2 496 674 478 
9 2 666 668 504 
9 2 498 1032 638 
9 2 497 673 472 
9 2 642 1051 687 
9 2 633 673 497 
9 2 654 684 502 
9 2 502 684 454 
9 2 332 753 330 
9 2 528 1065 612 
9 2 687 1051 464 
9 2 478 674 476 
9 2 649 1044 682 
9 2 442 686 440 
9 2 524 1000 748 
9 2 748 750 524 
9 2 626 674 496 
9 2 661 685 503 
9 2 587 1070 1025 
9 2 682 1044 458 
9 2 608 610 609 
9 2 468 1032 498 
9 2 1108 1109 832 
9 2 835 1063 834 
9 2 675 1036 670 
9 2 503 685 448 
9 2 450 1052 503 
9 2 606 608 600 
9 2 523 998 743 
9 2 748 1000 746 
9 2 503 1052 659 
9 2 743 998 741 
9 2 743 746 523 
9 2 596 614 613 
9 2 685 1024 446 
9 2 746 1000 523 
9 2 668 686 504 
9 2 1042 1061 752 
9 2 675 677 505 
9 2 663 1024 685 
9 2 505 1036 675 
9 2 1103 1111 233 
9 2 1025 1070 612 
9 2 504 686 442 
9 2 624 626 496 
9 2 612 1065 609 
9 2 677 683 505 
9 2 330 753 526 
9 2 1142 1166 564 
9 2 1123 1127 905 
9 2 752 1061 526 
9 2 526 753 752 
9 2 606 610 608 
9 2 596 613 593 
9 2 496 995 624 
9 2 750 753 524 
9 2 524 753 332 
9 2 1110 1117 880 
9 2 342 757 340 
9 2 756 1067 755 
9 2 995 1031 620 
9 2 525 599 322 
9 2 628 1071 674 
9 2 1107 1112 900 
9 2 600 608 599 
9 2 570 598 581 
9 2 1054 1064 756 
9 2 620 1031 617 
9 2 736 739 522 
9 2 699 1046 679 
9 2 605 1061 1042 
9 2 686 1036 440 
9 2 624 995 620 
9 2 755 1067 815 
9 2 322 599 320 
9 2 670 1036 686 
9 2 835 1064 1063 
9 2 457 1023 459 
9 2 571 598 570 
9 2 593 613 487 
9 2 580 789 553 
9 2 525 600 599 
9 2 505 683 436 
9 2 436 683 434 
9 2 572 820 573 
9 2 554 1064 1054 
9 2 611 612 609 
9 2 250 784 116 
9 2 346 1010 344 
9 2 701 1005 506 
9 2 580 790 789 
9 2 304 1019 306 
9 2 935 1010 346 
9 2 573 820 589 
9 2 348 935 346 
9 2 1148 1167 934 
9 2 741 998 757 
9 2 1035 1069 16 
9 2 485 593 487 
9 2 871 937 933 
9 2 730 732 521 
9 2 638 1032 635 
9 2 269 1080 1078 
9 2 584 1028 551 
9 2 506 1046 699 
9 2 101 768 299 
9 2 615 1034 616 
9 2 522 757 342 
9 2 679 1046 683 
9 2 506 1005 430 
9 2 739 757 522 
9 2 871 933 869 
9 2 306 1019 574 
9 2 869 933 264 
9 2 1121 1126 415 
9 2 522 1010 736 
9 2 116 784 115 
9 2 834 1063 797 
9 2 679 683 677 
9 2 574 799 796 
9 2 699 701 506 
9 2 797 1040 530 
9 2 767 1088 1087 
9 2 1062 1076 286 
9 2 459 1023 565 
9 2 553 789 311 
9 2 6 1018 297 
9 2 264 1015 867 
9 2 8 1030 277 
9 2 568 778 578 
9 2 867 869 264 
9 2 757 998 340 
9 2 590 591 571 
9 2 347 714 558 
9 2 566 692 688 
9 2 345 714 347 
9 2 352 1021 350 
9 2 726 728 520 
9 2 521 935 348 
9 2 867 1015 864 
9 2 1153 1158 86 
9 2 688 692 689 
9 2 772 775 774 
9 2 445 774 546 
9 2 713 1079 710 
9 2 206 782 241 
9 2 520 783 726 
9 2 795 796 530 
9 2 207 782 206 
9 2 521 1021 730 
9 2 632 637 634 
9 2 336 1000 334 
9 2 493 778 568 
9 2 334 1000 524 
9 2 639 644 641 
9 2 754 755 555 
9 2 712 715 714 
9 2 343 709 345 
9 2 1114 1122 984 
9 2 253 814 14 
9 2 443 774 445 
9 2 709 714 345 
9 2 821 1047 89 
9 2 313 795 530 
9 2 323 754 555 
9 2 719 783 717 
9 2 763 767 764 
9 2 565 707 706 
9 2 565 708 707 
9 2 277 1030 799 
9 2 717 783 356 
9 2 114 785 113 
9 2 574 1019 799 
9 2 7 1018 6 
9 2 171 874 170 
9 2 1039 1067 756 
9 2 355 763 533 
9 2 732 935 521 
9 2 344 1010 522 
9 2 1050 1059 499 
9 2 430 1005 428 
9 2 455 959 564 
9 2 14 814 13 
9 2 758 762 759 
9 2 714 715 558 
9 2 723 725 721 
9 2 826 876 875 
9 2 774 775 546 
9 2 726 783 719 
9 2 565 706 461 
9 2 525 601 600 
9 2 566 688 465 
9 2 290 947 78 
9 2 326 1055 1038 
9 2 280 785 114 
9 2 618 619 617 
9 2 763 764 533 
9 2 694 779 331 
9 2 295 788 82 
9 2 756 1064 1039 
9 2 350 1021 521 
9 2 358 717 356 
9 2 463 566 465 
9 2 860 862 251 
9 2 613 614 550 
9 2 718 723 721 
9 2 221 791 198 
9 2 251 874 171 
9 2 297 1018 304 
9 2 5 302 4 
9 2 375 816 377 
9 2 479 481 480 
9 2 574 796 795 
9 2 253 815 814 
9 2 683 1046 434 
9 2 118 974 117 
9 2 862 874 251 
9 2 329 694 331 
9 2 864 1015 874 
9 2 275 954 215 
9 2 518 997 943 
9 2 188 948 187 
9 2 736 1010 734 
9 2 198 791 197 
9 2 591 598 571 
9 2 216 964 275 
9 2 815 1060 755 
9 2 769 774 443 
9 2 564 1023 457 
9 2 579 590 571 
9 2 493 551 494 
9 2 615 616 495 
9 2 226 948 188 
9 2 441 769 443 
9 2 203 944 202 
9 2 331 779 333 
9 2 489 613 550 
9 2 614 787 786 
9 2 353 763 355 
9 2 486 615 495 
9 2 274 990 106 
9 2 487 489 488 
9 2 1039 1064 835 
9 2 465 688 467 
9 2 796 797 530 
9 2 115 784 280 
9 2 568 569 551 
9 2 281 953 186 
9 2 232 1109 1108 
9 2 559 1004 767 
9 2 279 930 196 
9 2 749 751 750 
9 2 945 1004 559 
9 2 333 779 556 
9 2 689 691 690 
9 2 451 792 563 
9 2 632 634 633 
9 2 639 641 640 
9 2 91 758 220 
9 2 93 278 92 
9 2 82 788 81 
9 2 461 706 463 
9 2 297 302 5 
9 2 536 816 375 
9 2 186 953 185 
9 2 80 818 79 
9 2 196 930 195 
9 2 202 944 228 
9 2 817 1001 816 
9 2 792 793 563 
9 2 567 1058 481 
9 2 482 1031 995 
9 2 574 795 308 
9 2 491 493 492 
9 2 852 973 969 
9 2 122 246 121 
9 2 367 875 535 
9 2 429 950 431 
9 2 643 646 645 
9 2 702 704 703 
9 2 1113 1115 397 
9 2 453 959 455 
9 2 113 300 112 
9 2 758 759 220 
9 2 968 973 262 
9 2 321 322 320 
9 2 674 1071 476 
9 2 576 582 572 
9 2 914 915 913 
9 2 115 280 114 
9 2 232 929 926 
9 2 715 716 558 
9 2 961 962 236 
9 2 728 1021 520 
9 2 234 899 50 
9 2 236 978 56 
9 2 85 268 84 
9 2 88 240 87 
9 2 96 229 95 
9 2 278 762 758 
9 2 483 549 485 
9 2 809 810 536 
9 2 405 407 406 
9 2 101 299 100 
9 2 368 800 366 
9 2 660 665 662 
9 2 908 961 960 
9 2 698 1069 1035 
9 2 962 984 978 
9 2 92 758 91 
9 2 716 945 558 
9 2 582 820 572 
9 2 616 618 617 
9 2 146 247 145 
9 2 558 945 349 
9 2 520 1021 352 
9 2 755 1060 555 
9 2 251 942 860 
9 2 137 243 136 
9 2 265 846 845 
9 2 467 469 468 
9 2 1038 1055 604 
9 2 904 908 907 
9 2 9 1030 8 
9 2 83 295 82 
9 2 566 693 692 
9 2 27 894 294 
9 2 284 974 118 
9 2 373 809 536 
9 2 113 785 300 
9 2 489 550 491 
9 2 570 581 575 
9 2 527 553 311 
9 2 1078 1080 713 
9 2 12 836 11 
9 2 265 845 156 
9 2 159 882 158 
9 2 266 853 165 
9 2 227 956 181 
9 2 851 973 852 
9 2 888 1016 996 
9 2 473 934 548 
9 2 65 292 64 
9 2 364 997 518 
9 2 474 497 472 
9 2 601 602 600 
9 2 232 926 44 
9 2 545 770 769 
9 2 826 875 823 
9 2 205 970 204 
9 2 449 451 450 
9 2 549 593 485 
9 2 569 584 551 
9 2 697 780 779 
9 2 760 822 821 
9 2 770 772 769 
9 2 565 1023 708 
9 2 601 604 603 
9 2 619 620 617 
9 2 628 674 626 
9 2 19 946 18 
9 2 225 818 80 
9 2 875 876 535 
9 2 1049 1059 586 
9 2 18 946 249 
9 2 204 970 293 
9 2 317 318 316 
9 2 438 505 436 
9 2 467 688 547 
9 2 915 967 913 
9 2 917 968 915 
9 2 365 875 367 
9 2 491 492 490 
9 2 494 552 500 
9 2 744 747 746 
9 2 433 544 435 
9 2 441 443 442 
9 2 730 1021 728 
9 2 78 947 77 
9 2 131 239 130 
9 2 162 913 161 
9 2 913 967 161 
9 2 195 244 194 
9 2 208 285 207 
9 2 437 439 438 
9 2 876 1017 535 
9 2 849 983 846 
9 2 54 235 53 
9 2 320 599 529 
9 2 823 875 365 
9 2 575 1059 1050 
9 2 627 628 626 
9 2 479 567 481 
9 2 590 592 591 
9 2 943 997 803 
9 2 822 1048 1047 
9 2 360 958 519 
9 2 435 437 436 
9 2 445 447 446 
9 2 754 1054 756 
9 2 310 312 311 
9 2 455 457 456 
9 2 979 996 152 
9 2 882 993 158 
9 2 285 782 207 
9 2 312 527 311 
9 2 335 1027 337 
9 2 487 613 489 
9 2 848 884 883 
9 2 363 823 365 
9 2 802 1003 806 
9 2 13 814 287 
9 2 166 937 266 
9 2 507 939 424 
9 2 720 723 718 
9 2 880 895 877 
9 2 884 891 886 
9 2 889 1016 888 
9 2 969 973 968 
9 2 89 1047 88 
9 2 310 795 313 
9 2 446 1024 444 
9 2 195 930 244 
9 2 562 977 425 
9 2 469 470 468 
9 2 490 499 488 
9 2 635 1032 673 
9 2 711 713 710 
9 2 754 756 755 
9 2 304 306 305 
9 2 425 977 427 
9 2 444 504 442 
9 2 456 502 454 
9 2 473 548 475 
9 2 499 1034 615 
9 2 706 707 693 
9 2 848 891 884 
9 2 634 636 635 
9 2 669 670 668 
9 2 765 1043 1029 
9 2 48 901 233 
9 2 874 1015 170 
9 2 837 838 274 
9 2 353 355 354 
9 2 816 1001 377 
9 2 432 506 430 
9 2 775 776 546 
9 2 670 686 668 
9 2 71 222 70 
9 2 347 558 349 
9 2 349 945 351 
9 2 451 453 452 
9 2 669 671 670 
9 2 860 942 856 
9 2 908 960 907 
9 2 74 223 73 
9 2 887 889 888 
9 2 313 315 314 
9 2 252 836 835 
9 2 431 949 433 
9 2 431 950 949 
9 2 467 547 469 
9 2 776 1014 1013 
9 2 54 985 235 
9 2 117 974 250 
9 2 154 883 261 
9 2 222 924 923 
9 2 242 911 910 
9 2 354 783 520 
9 2 543 950 429 
9 2 471 473 472 
9 2 958 1037 720 
9 2 851 993 882 
9 2 64 980 63 
9 2 333 556 335 
9 2 604 605 603 
9 2 35 952 259 
9 2 167 937 166 
9 2 338 523 336 
9 2 449 450 448 
9 2 846 983 848 
9 2 854 855 283 
9 2 855 856 283 
9 2 523 1000 336 
9 2 337 1027 557 
9 2 347 349 348 
9 2 349 351 350 
9 2 601 603 602 
9 2 857 858 856 
9 2 28 894 27 
9 2 320 529 318 
9 2 323 555 325 
9 2 360 519 358 
9 2 648 649 647 
9 2 197 791 279 
9 2 397 398 396 
9 2 421 422 420 
9 2 545 769 441 
9 2 482 995 480 
9 2 779 780 556 
9 2 636 638 635 
9 2 29 230 28 
9 2 57 960 236 
9 2 66 986 920 
9 2 222 923 70 
9 2 79 818 290 
9 2 317 319 318 
9 2 361 362 360 
9 2 427 543 429 
9 2 535 1017 991 
9 2 720 724 723 
9 2 11 836 252 
9 2 51 895 234 
9 2 60 902 237 
9 2 61 909 902 
9 2 235 879 878 
9 2 319 320 318 
9 2 333 334 332 
9 2 350 521 348 
9 2 367 369 368 
9 2 531 696 695 
9 2 796 799 798 
9 2 925 999 923 
9 2 174 283 173 
9 2 283 942 173 
9 2 361 534 363 
9 2 459 461 460 
9 2 462 501 460 
9 2 660 662 661 
9 2 740 742 741 
9 2 1003 1006 806 
9 2 868 870 869 
9 2 531 694 329 
9 2 365 367 366 
9 2 379 560 381 
9 2 463 464 462 
9 2 473 474 472 
9 2 483 484 482 
9 2 570 575 500 
9 2 531 1026 696 
9 2 802 804 801 
9 2 35 259 34 
9 2 43 288 42 
9 2 174 854 283 
9 2 856 942 283 
9 2 392 919 513 
9 2 480 496 478 
9 2 861 862 860 
9 2 880 896 895 
9 2 286 946 19 
9 2 53 877 52 
9 2 308 795 310 
9 2 310 311 309 
9 2 335 337 336 
9 2 337 338 336 
9 2 426 507 424 
9 2 457 458 456 
9 2 928 936 288 
9 2 313 530 315 
9 2 334 524 332 
9 2 359 360 358 
9 2 461 462 460 
9 2 646 648 647 
9 2 653 654 652 
9 2 737 739 736 
9 2 801 892 803 
9 2 15 253 14 
9 2 38 248 37 
9 2 197 279 196 
9 2 310 313 312 
9 2 356 783 354 
9 2 377 1001 379 
9 2 423 562 425 
9 2 663 685 661 
9 2 733 734 732 
9 2 65 920 292 
9 2 185 272 184 
9 2 297 303 302 
9 2 343 344 342 
9 2 363 364 362 
9 2 367 535 369 
9 2 780 781 556 
9 2 636 639 638 
9 2 729 730 728 
9 2 55 985 54 
9 2 63 980 242 
9 2 316 528 314 
9 2 532 709 343 
9 2 359 1011 361 
9 2 441 442 440 
9 2 810 811 536 
9 2 41 936 231 
9 2 288 936 42 
9 2 371 809 373 
9 2 381 383 382 
9 2 419 421 420 
9 2 433 434 432 
9 2 933 937 167 
9 2 181 956 180 
9 2 187 948 281 
9 2 235 878 877 
9 2 361 1011 534 
9 2 535 991 369 
9 2 731 732 730 
9 2 802 806 805 
9 2 886 887 885 
9 2 877 895 52 
9 2 59 907 58 
9 2 173 942 172 
9 2 957 980 292 
9 2 323 324 322 
9 2 344 522 342 
9 2 359 361 360 
9 2 363 365 364 
9 2 453 454 452 
9 2 465 467 466 
9 2 764 765 533 
9 2 667 668 666 
9 2 343 345 344 
9 2 347 348 346 
9 2 517 800 368 
9 2 369 371 370 
9 2 485 486 484 
9 2 924 925 923 
9 2 951 1136 1129 
9 2 49 901 48 
9 2 149 931 238 
9 2 185 953 272 
9 2 379 1001 560 
9 2 410 989 510 
9 2 811 816 536 
9 2 581 586 575 
9 2 882 973 851 
9 2 858 860 856 
9 2 865 867 864 
9 2 887 888 885 
9 2 909 910 905 
9 2 252 833 10 
9 2 18 249 17 
9 2 43 926 288 
9 2 50 899 49 
9 2 56 978 55 
9 2 237 907 59 
9 2 329 330 328 
9 2 355 533 357 
9 2 364 518 362 
9 2 828 975 391 
9 2 410 510 408 
9 2 424 939 422 
9 2 479 480 478 
9 2 534 1011 825 
9 2 625 627 626 
9 2 676 681 678 
9 2 20 286 19 
9 2 22 269 21 
9 2 292 980 64 
9 2 261 979 153 
9 2 155 883 154 
9 2 156 845 155 
9 2 165 853 164 
9 2 242 910 909 
9 2 265 993 847 
9 2 297 304 303 
9 2 315 316 314 
9 2 345 346 344 
9 2 373 375 374 
9 2 431 432 430 
9 2 439 440 438 
9 2 534 824 823 
9 2 793 794 563 
9 2 664 667 666 
9 2 978 985 55 
9 2 187 281 186 
9 2 293 944 203 
9 2 515 981 378 
9 2 560 982 381 
9 2 385 387 386 
9 2 389 391 390 
9 2 435 436 434 
9 2 625 626 624 
9 2 629 632 631 
9 2 809 812 810 
9 2 822 1047 821 
9 2 861 863 862 
9 2 760 821 220 
9 2 367 368 366 
9 2 383 385 384 
9 2 463 706 566 
9 2 642 687 640 
9 2 646 647 645 
9 2 655 656 654 
9 2 680 699 679 
9 2 13 287 12 
9 2 230 894 28 
9 2 44 926 43 
9 2 899 901 49 
9 2 220 821 90 
9 2 308 310 309 
9 2 339 340 338 
9 2 341 343 342 
9 2 351 945 559 
9 2 381 382 380 
9 2 383 982 561 
9 2 393 975 538 
9 2 455 456 454 
9 2 765 1029 533 
9 2 700 705 702 
9 2 893 943 803 
9 2 831 975 828 
9 2 902 905 903 
9 2 903 906 904 
9 2 920 922 921 
9 2 961 963 962 
9 2 907 960 58 
9 2 79 290 78 
9 2 99 992 276 
9 2 134 273 133 
9 2 143 255 142 
9 2 216 275 215 
9 2 269 1008 1007 
9 2 927 928 288 
9 2 325 327 326 
9 2 345 347 346 
9 2 378 981 376 
9 2 387 389 388 
9 2 396 839 394 
9 2 402 987 400 
9 2 404 511 402 
9 2 413 415 414 
9 2 417 542 419 
9 2 439 1022 545 
9 2 445 546 447 
9 2 507 940 939 
9 2 517 802 801 
9 2 737 740 739 
9 2 804 892 801 
9 2 10 833 9 
9 2 107 274 106 
9 2 149 238 148 
9 2 151 282 150 
9 2 154 261 153 
9 2 845 883 155 
9 2 160 262 159 
9 2 161 967 160 
9 2 163 263 162 
9 2 164 941 163 
9 2 168 933 167 
9 2 169 264 168 
9 2 172 251 171 
9 2 175 854 174 
9 2 176 267 175 
9 2 192 245 191 
9 2 202 228 201 
9 2 204 293 203 
9 2 206 241 205 
9 2 225 819 818 
9 2 263 941 918 
9 2 317 554 319 
9 2 349 350 348 
9 2 369 370 368 
9 2 439 545 441 
9 2 447 449 448 
9 2 534 825 824 
9 2 632 633 631 
9 2 702 703 701 
9 2 733 735 734 
9 2 847 849 846 
9 2 847 993 851 
9 2 916 917 915 
9 2 6 297 5 
9 2 242 909 62 
9 2 260 986 67 
9 2 81 788 225 
9 2 267 854 175 
9 2 209 971 208 
9 2 759 760 220 
9 2 962 978 236 
9 2 375 376 374 
9 2 375 377 376 
9 2 379 381 380 
9 2 389 828 391 
9 2 391 393 392 
9 2 391 975 393 
9 2 839 919 394 
9 2 399 539 401 
9 2 405 540 407 
9 2 407 409 408 
9 2 409 411 410 
9 2 415 417 416 
9 2 475 476 474 
9 2 537 829 828 
9 2 729 731 730 
9 2 742 743 741 
9 2 863 865 864 
9 2 900 901 899 
9 2 8 277 7 
9 2 897 899 234 
9 2 357 358 356 
9 2 395 397 396 
9 2 512 839 396 
9 2 399 401 400 
9 2 401 403 402 
9 2 450 503 448 
9 2 459 460 458 
9 2 471 472 470 
9 2 552 1028 579 
9 2 676 677 675 
9 2 734 1010 935 
9 2 749 750 748 
9 2 896 898 897 
9 2 11 252 10 
9 2 41 231 40 
9 2 42 936 41 
9 2 45 232 44 
9 2 48 233 47 
9 2 52 895 51 
9 2 57 236 56 
9 2 61 902 60 
9 2 63 242 62 
9 2 68 260 67 
9 2 151 996 282 
9 2 160 967 262 
9 2 163 941 263 
9 2 172 942 251 
9 2 896 897 234 
9 2 885 979 261 
9 2 263 918 914 
9 2 265 847 846 
9 2 323 325 324 
9 2 327 329 328 
9 2 333 335 334 
9 2 351 352 350 
9 2 559 763 353 
9 2 377 378 376 
9 2 376 981 516 
9 2 379 380 378 
9 2 385 386 384 
9 2 387 388 386 
9 2 389 390 388 
9 2 393 394 392 
9 2 399 400 398 
9 2 401 402 400 
9 2 405 406 404 
9 2 404 988 511 
9 2 407 408 406 
9 2 413 414 412 
9 2 415 416 414 
9 2 417 418 416 
9 2 419 420 418 
9 2 423 424 422 
9 2 422 939 508 
9 2 425 426 424 
9 2 427 428 426 
9 2 537 830 829 
9 2 1013 1014 792 
9 2 801 803 800 
9 2 813 1099 1093 
9 2 842 919 839 
9 2 848 883 845 
9 2 847 850 849 
9 2 848 983 891 
9 2 863 864 862 
9 2 870 871 869 
9 2 179 224 178 
9 2 903 904 237 
9 2 329 331 330 
9 2 380 515 378 
9 2 387 537 389 
9 2 537 828 389 
9 2 394 919 392 
9 2 393 538 395 
9 2 400 976 398 
9 2 403 405 404 
9 2 408 965 406 
9 2 411 413 412 
9 2 411 541 413 
9 2 416 509 414 
9 2 461 463 462 
9 2 512 840 839 
9 2 517 801 800 
9 2 648 650 649 
9 2 830 832 829 
9 2 861 866 863 
9 2 879 881 878 
9 2 984 985 978 
9 2 158 993 157 
9 2 264 933 168 
9 2 182 227 181 
9 2 189 226 188 
9 2 199 221 198 
9 2 262 973 882 
9 2 967 968 262 
9 2 263 914 913 
9 2 371 372 370 
9 2 429 430 428 
9 2 445 446 444 
9 2 671 675 670 
9 2 678 679 677 
9 2 824 826 823 
9 2 855 857 856 
9 2 914 916 915 
9 2 1034 1059 1049 
9 2 67 986 66 
9 2 91 220 90 
9 2 218 298 217 
9 2 920 921 292 
9 2 306 574 308 
9 2 369 991 371 
9 2 393 395 394 
9 2 510 965 408 
9 2 417 419 418 
9 2 421 423 422 
9 2 449 792 451 
9 2 576 587 582 
9 2 646 651 648 
9 2 829 831 828 
9 2 843 844 842 
9 2 858 861 860 
9 2 433 435 434 
9 2 568 578 577 
9 2 577 583 569 
9 2 622 624 620 
9 2 718 721 719 
9 2 235 877 53 
9 2 105 296 104 
9 2 926 927 288 
9 2 324 525 322 
9 2 327 328 326 
9 2 339 341 340 
9 2 383 384 382 
9 2 391 392 390 
9 2 395 396 394 
9 2 403 404 402 
9 2 411 412 410 
9 2 641 643 642 
9 2 643 645 642 
9 2 772 774 769 
9 2 806 807 805 
9 2 836 1039 835 
9 2 920 986 922 
9 2 926 929 927 
9 2 950 951 949 
9 2 921 957 292 
9 2 383 561 385 
9 2 386 514 384 
9 2 392 513 390 
9 2 406 988 404 
9 2 412 989 410 
9 2 422 508 420 
9 2 572 573 553 
9 2 602 606 600 
9 2 751 752 750 
9 2 764 766 765 
9 2 864 874 862 
9 2 152 996 151 
9 2 157 265 156 
9 2 166 266 165 
9 2 330 526 328 
9 2 481 482 480 
9 2 527 576 572 
9 2 657 659 656 
9 2 731 733 732 
9 2 846 848 845 
9 2 884 886 885 
9 2 902 909 905 
9 2 106 990 105 
9 2 337 339 338 
9 2 680 700 699 
9 2 734 935 732 
9 2 802 805 804 
9 2 810 813 811 
9 2 212 301 211 
9 2 212 972 301 
9 2 315 317 316 
9 2 370 517 368 
9 2 376 516 374 
9 2 511 987 402 
9 2 451 452 450 
9 2 457 459 458 
9 2 796 798 797 
9 2 897 900 899 
9 2 27 294 26 
9 2 36 952 35 
9 2 70 923 69 
9 2 313 314 312 
9 2 338 998 523 
9 2 400 987 976 
9 2 489 490 488 
9 2 512 841 840 
9 2 662 663 661 
9 2 667 672 669 
9 2 722 726 719 
9 2 727 728 726 
9 2 744 746 743 
9 2 747 748 746 
9 2 825 827 824 
9 2 851 852 850 
9 2 855 859 857 
9 2 888 996 979 
9 2 51 234 50 
9 2 58 960 57 
9 2 60 237 59 
9 2 68 999 260 
9 2 291 972 213 
9 2 895 896 234 
9 2 960 961 236 
9 2 902 903 237 
9 2 357 359 358 
9 2 365 366 364 
9 2 381 982 383 
9 2 414 966 412 
9 2 423 425 424 
9 2 463 465 464 
9 2 840 843 842 
9 2 911 912 910 
9 2 153 979 152 
9 2 213 972 212 
9 2 214 291 213 
9 2 996 1016 282 
9 2 308 309 307 
9 2 331 332 330 
9 2 373 374 372 
9 2 473 475 474 
9 2 559 767 763 
9 2 847 851 850 
9 2 917 969 968 
9 2 25 256 24 
9 2 241 970 205 
9 2 355 356 354 
9 2 366 997 364 
9 2 477 478 476 
9 2 485 487 486 
9 2 697 779 694 
9 2 32 258 31 
9 2 109 289 108 
9 2 235 985 879 
9 2 309 585 307 
9 2 351 559 353 
9 2 676 678 677 
9 2 62 909 61 
9 2 215 954 214 
9 2 534 823 363 
9 2 372 1006 1003 
9 2 727 729 728 
9 2 140 257 139 
9 2 373 536 375 
9 2 385 1009 387 
9 2 398 512 396 
9 2 433 949 544 
9 2 486 495 484 
9 2 878 880 877 
9 2 1138 1140 1020 
9 2 282 932 931 
9 2 341 342 340 
9 2 341 532 343 
9 2 355 357 356 
9 2 427 977 543 
9 2 431 433 432 
9 2 437 438 436 
9 2 740 741 739 
9 2 892 893 803 
9 2 886 890 887 
9 2 180 955 179 
9 2 443 445 444 
9 2 453 455 454 
9 2 493 494 492 
9 2 519 958 720 
9 2 659 1052 656 
9 2 735 736 734 
9 2 798 834 797 
9 2 805 808 804 
9 2 371 373 372 
9 2 451 563 453 
9 2 493 568 551 
9 2 667 669 668 
9 2 720 1037 724 
9 2 840 842 839 
9 2 77 271 76 
9 2 278 758 92 
9 2 157 993 265 
9 2 335 336 334 
9 2 351 353 352 
9 2 371 991 809 
9 2 398 976 512 
9 2 409 410 408 
9 2 551 1028 494 
9 2 688 689 547 
9 2 660 661 659 
9 2 747 749 748 
9 2 179 955 224 
9 2 321 323 322 
9 2 325 326 324 
9 2 337 557 339 
9 2 557 1053 339 
9 2 353 354 352 
9 2 425 427 426 
9 2 443 444 442 
9 2 868 872 870 
9 2 217 964 216 
9 2 904 907 237 
9 2 331 333 332 
9 2 519 717 358 
9 2 427 429 428 
9 2 455 564 457 
9 2 616 1034 621 
9 2 650 652 649 
9 2 710 712 709 
9 2 248 994 37 
9 2 66 920 65 
9 2 374 1006 372 
9 2 377 379 378 
9 2 429 431 430 
9 2 447 448 446 
9 2 649 682 647 
9 2 655 657 656 
9 2 718 719 717 
9 2 991 1017 812 
9 2 69 999 68 
9 2 77 947 271 
9 2 444 1024 504 
9 2 601 1038 604 
9 2 775 777 776 
9 2 319 321 320 
9 2 321 754 323 
9 2 387 1009 537 
9 2 517 1003 802 
9 2 573 589 588 
9 2 722 727 726 
9 2 480 995 496 
9 2 653 655 654 
9 2 879 985 984 
9 2 150 931 149 
9 2 883 884 261 
9 2 354 520 352 
9 2 527 572 553 
9 2 700 701 699 
9 2 915 968 967 
9 2 372 1003 370 
9 2 552 579 571 
9 2 656 684 654 
9 2 741 757 739 
9 2 287 836 12 
9 2 17 1035 16 
9 2 282 1016 932 
9 2 800 997 366 
9 2 439 441 440 
9 2 664 666 663 
9 2 868 869 867 
9 2 531 695 694 
9 2 304 305 303 
9 2 306 307 305 
9 2 519 720 718 
9 2 532 711 710 
9 2 888 979 885 
9 2 923 999 69 
9 2 556 1027 335 
9 2 803 997 800 
9 2 716 1004 945 
9 2 911 980 957 
9 2 494 1028 552 
9 2 629 631 628 
9 2 703 1005 701 
9 2 81 225 80 
9 2 327 531 329 
9 2 170 1015 169 
9 2 437 1022 439 
9 2 475 477 476 
9 2 545 771 770 
9 2 618 623 619 
9 2 695 697 694 
9 2 865 868 867 
9 2 36 994 952 
9 2 361 363 362 
9 2 627 629 628 
9 2 742 745 744 
9 2 169 1015 264 
9 2 434 1046 432 
9 2 449 1013 792 
9 2 778 786 578 
9 2 809 991 812 
9 2 811 817 816 
9 2 459 565 461 
9 2 634 635 633 
9 2 696 698 695 
9 2 306 308 307 
9 2 467 468 466 
9 2 759 761 760 
9 2 870 873 871 
9 2 544 1020 435 
9 2 566 706 693 
9 2 773 1144 1133 
9 2 370 1003 517 
9 2 552 570 500 
9 2 519 718 717 
9 2 700 702 701 
9 2 516 1006 374 
9 2 735 738 737 
9 2 428 1041 426 
9 2 603 607 602 
9 2 639 640 638 
9 2 721 722 719 
9 2 671 676 675 
9 2 37 994 36 
9 2 833 834 798 
9 2 712 714 709 
9 2 792 1014 793 
9 2 487 488 486 
9 2 242 980 911 
9 2 489 491 490 
9 2 468 498 466 
9 2 1020 1022 437 
9 2 465 466 464 
9 2 469 471 470 
9 2 537 1009 830 
9 2 622 625 624 
9 2 884 885 261 
9 2 518 1037 958 
9 2 269 1007 21 
9 2 328 1055 326 
9 2 662 664 663 
9 2 252 834 833 
9 2 518 958 362 
9 2 435 1020 437 
9 2 512 976 841 
9 2 180 956 955 
9 2 325 1026 327 
9 2 362 958 360 
9 2 650 653 652 
9 2 561 1009 385 
9 2 528 1070 1057 
9 2 282 931 150 
9 2 853 941 164 
9 2 966 989 412 
9 2 125 254 124 
9 2 619 622 620 
9 2 83 938 295 
9 2 119 284 118 
9 2 594 596 593 
9 2 117 250 116 
9 2 128 270 127 
9 2 262 882 159 
9 2 263 913 162 
9 2 327 1026 531 
9 2 653 658 655 
9 2 641 642 640 
9 2 771 773 770 
9 2 90 821 89 
9 2 397 399 398 
9 2 965 988 406 
9 2 483 485 484 
9 2 458 1044 456 
9 2 99 276 98 
9 2 102 768 101 
9 2 573 588 580 
9 2 509 966 414 
9 2 549 595 594 
9 2 552 571 570 
9 2 776 1013 546 
9 2 678 680 679 
9 2 494 500 492 
9 2 532 710 709 
9 2 20 1007 286 
9 2 752 753 750 
9 2 481 483 482 
9 2 440 1036 438 
9 2 471 934 473 
9 2 25 1002 256 
9 2 573 580 553 
9 2 657 660 659 
9 2 735 737 736 
9 2 1005 1041 428 
9 2 545 1022 771 
9 2 311 789 309 
9 2 555 1026 325 
9 2 781 1027 556 
9 2 21 1007 20 
9 2 608 609 529 
9 2 742 744 743 
9 2 595 597 594 
9 2 252 835 834 
9 2 294 1002 26 
9 2 1057 1070 576 
9 2 1018 1019 304 
9 2 340 998 338 
9 2 689 690 547 
9 2 1047 1048 240 
9 2 563 959 453 
9 2 1084 1091 1043 
9 2 614 786 550 
9 2 528 1057 314 
9 2 625 630 627 
9 2 799 1030 798 
9 2 316 1065 528 
9 2 789 790 585 
9 2 568 577 569 
9 2 477 479 478 
9 2 549 594 593 
9 2 447 1013 449 
9 2 525 1038 601 
9 2 289 837 108 
9 2 1029 1043 1011 
9 2 488 615 486 
9 2 724 1037 1033 
9 2 100 992 99 
9 2 214 954 291 
9 2 943 1037 518 
9 2 1033 1037 943 
9 2 585 1012 307 
9 2 616 617 495 
9 2 794 959 563 
9 2 491 778 493 
9 2 690 1045 547 
9 2 307 1012 305 
9 2 529 1065 318 
9 2 751 1042 752 
9 2 893 1033 943 
9 2 208 971 285 
9 2 298 964 217 
9 2 798 1030 833 
9 2 359 1029 1011 
9 2 426 1041 507 
9 2 88 1047 240 
9 2 438 1036 505 
9 2 499 615 488 
9 2 546 1013 447 
9 2 490 1050 499 
9 2 703 1056 1041 
9 2 533 1029 357 
9 2 599 608 529 
9 2 815 1067 814 
9 2 326 1038 324 
9 2 26 1002 25 
9 2 309 789 585 
9 2 432 1046 506 
9 2 268 938 84 
9 2 324 1038 525 
9 2 616 621 618 
9 2 799 1019 277 
9 2 1041 1056 507 
9 2 703 1041 1005 
9 2 84 938 83 
9 2 105 990 296 
9 2 530 1040 315 
9 2 492 1050 490 
9 2 1165 1170 762 
9 2 612 1070 528 
9 2 526 1055 328 
9 2 456 1044 502 
9 2 357 1029 359 
9 2 249 1035 17 
9 2 471 1045 934 
9 2 1143 1155 290 
9 2 781 1076 1062 
9 2 107 837 274 
9 2 464 1051 462 
9 2 635 673 633 
9 2 341 1053 532 
9 2 499 1059 1034 
9 2 1011 1043 825 
9 2 507 1056 940 
9 2 575 1050 500 
9 2 656 1052 684 
9 2 1139 1147 75 
9 2 550 778 491 
9 2 586 1059 575 
9 2 299 992 100 
9 2 277 1018 7 
9 2 611 1025 612 
9 2 339 1053 341 
9 2 532 1053 711 
9 2 833 1030 9 
9 2 462 1051 501 
9 2 108 837 107 
9 2 609 1065 529 
9 2 249 1074 1073 
9 2 1034 1049 621 
9 2 815 1068 1060 
9 2 1095 1102 231 
9 2 318 1065 316 
9 2 946 1076 1074 
9 2 1100 1109 46 
9 2 617 1031 495 
9 2 256 1072 24 
9 2 576 1070 587 
9 2 469 1045 471 
9 2 704 1056 703 
9 2 1087 1088 230 
9 2 1060 1068 696 
9 2 547 1045 469 
9 2 1026 1060 696 
9 2 287 1039 836 
9 2 16 1069 15 
9 2 500 1050 492 
9 2 527 1057 576 
9 2 555 1060 1026 
9 2 249 1073 1035 
9 2 317 1040 554 
9 2 550 786 778 
9 2 1063 1064 554 
9 2 946 1074 249 
9 2 1145 1146 772 
9 2 597 1176 1149 
9 2 315 1040 317 
9 2 484 1031 482 
9 2 1150 1167 822 
9 2 253 1068 815 
9 2 554 1054 319 
9 2 253 1069 1068 
9 2 604 1061 605 
9 2 696 1068 698 
9 2 583 1066 569 
9 2 286 1076 946 
9 2 1068 1069 698 
9 2 1072 1079 713 
9 2 321 1054 754 
9 2 963 1124 1116 
9 2 526 1061 1055 
9 2 549 1058 595 
9 2 495 1031 484 
9 2 698 1073 695 
9 2 1035 1073 698 
9 2 15 1069 253 
9 2 830 1108 832 
9 2 319 1054 321 
9 2 1007 1062 286 
9 2 781 1075 1027 
9 2 476 1071 474 
9 2 314 1057 312 
9 2 1055 1061 604 
9 2 312 1057 527 
9 2 481 1058 483 
9 2 1008 1062 1007 
9 2 813 1102 811 
9 2 797 1063 1040 
9 2 1002 1082 1081 
9 2 277 1019 1018 
9 2 569 1066 584 
9 2 1008 1077 1075 
9 2 1075 1077 557 
9 2 474 1071 497 
9 2 24 1072 23 
9 2 483 1058 549 
9 2 1074 1076 780 
9 2 697 1074 780 
9 2 1062 1075 781 
9 2 695 1073 697 
9 2 1073 1074 697 
9 2 1027 1075 557 
9 2 767 1087 764 
9 2 22 1080 269 
9 2 711 1078 713 
9 2 817 1101 1001 
9 2 814 1067 287 
9 2 258 1083 31 
9 2 287 1067 1039 
9 2 557 1077 1053 
9 2 766 1084 765 
9 2 1053 1077 711 
9 2 780 1076 781 
9 2 1081 1082 715 
9 2 259 1085 34 
9 2 1040 1063 554 
9 2 1008 1075 1062 
9 2 1002 1081 256 
9 2 710 1079 712 
9 2 827 1089 824 
9 2 597 1177 594 
9 2 713 1080 1072 
9 2 1083 1084 766 
9 2 269 1078 1008 
9 2 256 1079 1072 
9 2 1072 1080 23 
9 2 1082 1086 716 
9 2 258 1091 1084 
9 2 258 1084 1083 
9 2 539 1118 401 
9 2 596 1177 1173 
9 2 40 1093 39 
9 2 32 1092 258 
9 2 1083 1090 30 
9 2 831 1111 1103 
9 2 1043 1091 825 
9 2 1089 1094 826 
9 2 29 1090 230 
9 2 936 1095 231 
9 2 715 1082 716 
9 2 810 1098 813 
9 2 773 1145 770 
9 2 1077 1078 711 
9 2 538 1112 1107 
9 2 595 1171 597 
9 2 716 1086 1004 
9 2 39 1099 38 
9 2 23 1080 22 
9 2 539 1117 1110 
9 2 230 1088 894 
9 2 1008 1078 1077 
9 2 47 1100 46 
9 2 898 1115 1113 
9 2 901 1103 233 
9 2 817 1102 1095 
9 2 1171 1176 597 
9 2 712 1081 715 
9 2 766 1090 1083 
9 2 1085 1089 827 
9 2 294 1086 1082 
9 2 294 1082 1002 
9 2 256 1081 1079 
9 2 897 1107 900 
9 2 259 1089 1085 
9 2 30 1090 29 
9 2 1009 1106 830 
9 2 31 1083 30 
9 2 259 1094 1089 
9 2 832 1109 1100 
9 2 45 1109 232 
9 2 258 1092 1091 
9 2 878 1110 880 
9 2 1079 1081 712 
9 2 832 1111 829 
9 2 894 1086 294 
9 2 765 1084 1043 
9 2 831 1112 975 
9 2 542 1127 1123 
9 2 34 1085 33 
9 2 963 1114 962 
9 2 538 1113 395 
9 2 540 1122 1114 
9 2 397 1115 399 
9 2 1130 1131 562 
9 2 764 1087 766 
9 2 912 1131 1130 
9 2 1004 1088 767 
9 2 824 1089 826 
9 2 405 1120 540 
9 2 826 1094 876 
9 2 906 1126 1121 
9 2 906 1119 904 
9 2 827 1092 1085 
9 2 984 1122 879 
9 2 541 1121 413 
9 2 1085 1092 33 
9 2 1094 1096 876 
9 2 910 1123 905 
9 2 409 1124 411 
9 2 924 1140 1138 
9 2 876 1096 1017 
9 2 961 1125 963 
9 2 230 1090 1087 
9 2 825 1091 827 
9 2 548 1168 475 
9 2 415 1126 417 
9 2 1093 1102 813 
9 2 248 1097 994 
9 2 407 1116 409 
9 2 542 1128 419 
9 2 894 1088 1086 
9 2 999 1129 260 
9 2 896 1117 898 
9 2 33 1092 32 
9 2 1098 1099 813 
9 2 248 1098 1097 
9 2 1086 1088 1004 
9 2 1104 1105 982 
9 2 423 1130 562 
9 2 1119 1121 541 
9 2 927 1105 1104 
9 2 911 1131 912 
9 2 231 1093 40 
9 2 906 1121 1119 
9 2 73 1133 72 
9 2 1095 1101 817 
9 2 950 1135 951 
9 2 952 1094 259 
9 2 811 1102 817 
9 2 952 1096 1094 
9 2 928 1095 936 
9 2 260 1136 986 
9 2 994 1096 952 
9 2 76 1139 75 
9 2 951 1137 949 
9 2 1001 1101 560 
9 2 1017 1097 812 
9 2 772 1146 775 
9 2 927 1104 928 
9 2 903 1127 906 
9 2 691 1151 690 
9 2 819 1166 1142 
9 2 1097 1098 812 
9 2 95 1149 94 
9 2 1091 1092 827 
9 2 812 1098 810 
9 2 1048 1167 1148 
9 2 982 1105 561 
9 2 1020 1140 1022 
9 2 691 1153 1151 
9 2 760 1150 822 
9 2 38 1099 248 
9 2 72 1144 71 
9 2 794 1142 959 
9 2 777 1147 1139 
9 2 771 1141 773 
9 2 233 1100 47 
9 2 1087 1090 766 
9 2 1106 1108 830 
9 2 74 1147 223 
9 2 564 1166 1023 
9 2 691 1158 1153 
9 2 900 1103 901 
9 2 1151 1153 240 
9 2 994 1097 1096 
9 2 794 1155 1143 
9 2 240 1153 87 
9 2 560 1104 982 
9 2 1096 1097 1017 
9 2 1048 1151 240 
9 2 777 1152 776 
9 2 929 1105 927 
9 2 1100 1111 832 
9 2 596 1173 614 
9 2 86 1158 85 
9 2 276 1157 98 
9 2 561 1106 1009 
9 2 898 1107 897 
9 2 787 1156 786 
9 2 232 1108 929 
9 2 1110 1118 539 
9 2 928 1104 1101 
9 2 1103 1112 831 
9 2 762 1170 759 
9 2 1101 1104 560 
9 2 540 1116 407 
9 2 223 1146 1145 
9 2 880 1117 896 
9 2 46 1109 45 
9 2 818 1143 290 
9 2 225 1159 819 
9 2 1107 1113 538 
9 2 829 1111 831 
9 2 689 1163 691 
9 2 881 1110 878 
9 2 222 1141 924 
9 2 548 1167 1150 
9 2 96 1172 229 
9 2 567 1170 1165 
9 2 401 1118 403 
9 2 1105 1106 561 
9 2 479 1169 567 
9 2 929 1106 1105 
9 2 1045 1148 934 
9 2 975 1112 538 
9 2 395 1113 397 
9 2 1120 1122 540 
9 2 94 1176 93 
9 2 962 1114 984 
9 2 248 1099 1098 
9 2 399 1115 539 
9 2 963 1116 1114 
9 2 1156 1157 276 
9 2 963 1125 1124 
9 2 904 1119 908 
9 2 787 1157 1156 
9 2 403 1120 405 
9 2 413 1121 415 
9 2 879 1122 881 
9 2 1058 1165 595 
9 2 541 1125 1119 
9 2 905 1127 903 
9 2 1119 1125 908 
9 2 912 1123 910 
9 2 898 1117 1115 
9 2 231 1102 1093 
9 2 411 1124 541 
9 2 928 1101 1095 
9 2 912 1130 1128 
9 2 908 1125 961 
9 2 1118 1120 403 
9 2 881 1120 1118 
9 2 921 1132 957 
9 2 1123 1128 542 
9 2 1173 1177 229 
9 2 921 1134 1132 
9 2 233 1111 1100 
9 2 417 1126 542 
9 2 922 1134 921 
9 2 929 1108 1106 
9 2 922 1135 1134 
9 2 1135 1136 951 
9 2 419 1128 421 
9 2 925 1129 999 
9 2 1133 1145 773 
9 2 900 1112 1103 
9 2 421 1130 423 
9 2 1128 1130 421 
9 2 924 1138 925 
9 2 957 1131 911 
9 2 925 1138 1137 
9 2 271 1154 1152 
9 2 223 1133 73 
9 2 898 1113 1107 
9 2 562 1132 977 
9 2 819 1143 818 
9 2 1152 1154 1014 
9 2 906 1127 1126 
9 2 1141 1144 773 
9 2 1132 1134 977 
9 2 1129 1137 951 
9 2 977 1134 543 
9 2 770 1145 772 
9 2 543 1135 950 
9 2 1134 1135 543 
9 2 986 1136 922 
9 2 1114 1116 540 
9 2 949 1137 544 
9 2 223 1147 1146 
9 2 1137 1138 544 
9 2 957 1132 1131 
9 2 1131 1132 562 
9 2 271 1139 76 
9 2 1149 1177 597 
9 2 544 1138 1020 
9 2 290 1155 947 
9 2 1014 1154 793 
9 2 1022 1140 771 
9 2 959 1142 564 
9 2 881 1122 1120 
9 2 881 1118 1110 
9 2 1162 1163 692 
9 2 268 1163 1162 
9 2 1162 1164 938 
9 2 1115 1117 539 
9 2 794 1143 1142 
9 2 71 1144 222 
9 2 1159 1161 708 
9 2 229 1149 95 
9 2 938 1164 295 
9 2 1139 1152 777 
9 2 692 1163 689 
9 2 1150 1168 548 
9 2 775 1146 777 
9 2 934 1167 548 
9 2 75 1147 74 
9 2 690 1148 1045 
9 2 268 1162 938 
9 2 1124 1125 541 
9 2 708 1161 707 
9 2 1148 1151 1048 
9 2 761 1150 760 
9 2 776 1152 1014 
9 2 1174 1175 992 
9 2 947 1154 271 
9 2 768 1160 299 
9 2 475 1168 477 
9 2 87 1153 86 
9 2 786 1156 578 
9 2 567 1165 1058 
9 2 788 1161 1159 
9 2 924 1141 1140 
9 2 793 1155 794 
9 2 992 1175 276 
9 2 1159 1166 819 
9 2 912 1128 1123 
9 2 295 1161 788 
9 2 693 1164 1162 
9 2 1169 1170 567 
9 2 577 1175 1174 
9 2 693 1162 692 
9 2 1172 1173 229 
9 2 788 1159 225 
9 2 594 1177 596 
9 2 1160 1174 299 
9 2 98 1157 97 
9 2 583 1174 1160 
9 2 1156 1175 578 
9 2 85 1158 268 
9 2 822 1167 1048 
9 2 276 1175 1156 
9 2 577 1174 583 
9 2 707 1164 693 
9 2 1023 1166 708 
9 2 477 1169 479 
9 2 787 1172 1157 
9 2 947 1155 1154 
9 2 1126 1127 542 
9 2 1154 1155 793 
9 2 691 1163 1158 
9 2 759 1170 761 
9 2 1157 1172 97 
9 2 278 1176 1171 
9 2 278 1171 762 
9 2 925 1137 1129 
9 2 614 1173 787 
9 2 1168 1169 477 
9 2 761 1169 1168 
9 2 578 1175 577 
9 2 295 1164 1161 
9 2 93 1176 278 
9 2 299 1174 992 
9 2 922 1136 1135 
9 2 97 1172 96 
9 2 1161 1164 707 
9 2 1165 1171 595 
9 2 222 1144 1141 
9 2 1142 1143 819 
9 2 271 1152 1139 
9 2 1146 1147 777 
9 2 223 1145 1133 
9 2 1140 1141 771 
9 2 690 1151 1148 
9 2 708 1166 1159 
9 2 761 1170 1169 
9 2 761 1168 1150 
9 2 762 1171 1165 
9 2 787 1173 1172 
9 2 1158 1163 268 
9 2 229 1177 1149 
9 2 1183 1313 590 
9 2 844 1212 873 
9 2 873 1213 844 
9 2 807 1219 859 
9 2 859 1220 807 
9 2 964 1230 275 
9 2 210 1178 209 
9 2 219 1179 218 
9 2 104 1180 103 
9 2 289 1313 1183 
9 2 588 1184 580 
9 2 837 1183 838 
9 2 579 1183 590 
9 2 209 1178 971 
9 2 218 1179 298 
9 2 296 1180 104 
9 2 109 1185 289 
9 2 111 1181 110 
9 2 621 1186 618 
9 2 629 1190 632 
9 2 124 1189 123 
9 2 127 1198 126 
9 2 622 1187 625 
9 2 121 1188 120 
9 2 141 1193 140 
9 2 680 1194 700 
9 2 648 1208 650 
9 2 138 1197 137 
9 2 643 1195 646 
9 2 129 1191 128 
9 2 671 1192 676 
9 2 873 1212 871 
9 2 650 1196 653 
9 2 662 1209 664 
9 2 1016 1200 932 
9 2 136 1205 135 
9 2 418 1199 416 
9 2 148 1202 147 
9 2 678 1203 680 
9 2 669 1204 671 
9 2 887 1207 889 
9 2 931 1201 238 
9 2 937 1212 266 
9 2 987 1210 976 
9 2 841 1211 840 
9 2 919 1213 513 
9 2 130 1206 129 
9 2 844 1213 842 
9 2 178 1218 177 
9 2 863 1216 865 
9 2 388 1215 386 
9 2 382 1217 380 
9 2 184 1221 183 
9 2 806 1219 807 
9 2 855 1220 859 
9 2 870 1214 873 
9 2 267 1220 854 
9 2 807 1222 805 
9 2 516 1219 1006 
9 2 201 1226 200 
9 2 724 1224 723 
9 2 191 1223 190 
9 2 194 1225 193 
9 2 605 1229 603 
9 2 733 1227 735 
9 2 740 1228 742 
9 2 790 1230 585 
9 2 119 1266 284 
9 2 639 1278 644 
9 2 637 1270 634 
9 2 122 1267 246 
9 2 125 1269 254 
9 2 658 1275 655 
9 2 630 1268 627 
9 2 660 1287 665 
9 2 257 1277 139 
9 2 705 1272 702 
9 2 247 1271 145 
9 2 146 1280 247 
9 2 273 1276 133 
9 2 143 1281 255 
9 2 940 1283 939 
9 2 508 1286 420 
9 2 255 1273 142 
9 2 623 1265 619 
9 2 134 1282 273 
9 2 131 1284 239 
9 2 886 1288 890 
9 2 644 1274 641 
9 2 667 1285 672 
9 2 914 1289 916 
9 2 941 1290 918 
9 2 514 1293 384 
9 2 868 1292 872 
9 2 513 1291 390 
9 2 861 1294 866 
9 2 176 1295 267 
9 2 182 1297 227 
9 2 704 1279 1056 
9 2 808 1296 804 
9 2 189 1299 226 
9 2 725 1298 721 
9 2 738 1302 737 
9 2 745 1303 744 
9 2 192 1300 245 
9 2 199 1301 221 
9 2 607 1304 602 
9 2 305 1305 303 
9 2 1160 1306 583 
9 2 274 1307 990 
9 2 592 1185 1181 
9 2 211 1309 3 
9 2 3 1309 210 
9 2 0 1308 219 
9 2 4 1308 0 
9 2 103 1310 1 
9 2 1 1310 102 
9 2 2 1311 111 
9 2 112 1311 2 
9 2 1181 1185 110 
9 2 972 1182 301 
9 2 289 1183 837 
9 2 580 1184 790 
9 2 954 1184 291 
9 2 584 1307 838 
9 2 284 1266 1186 
9 2 246 1267 1187 
9 2 644 1278 1191 
9 2 254 1269 1190 
9 2 1189 1268 630 
9 2 1198 1270 637 
9 2 665 1287 1197 
9 2 1188 1265 623 
9 2 247 1280 1194 
9 2 255 1281 1192 
9 2 273 1282 1196 
9 2 239 1284 1195 
9 2 1205 1275 658 
9 2 1202 1272 705 
9 2 1203 1271 247 
9 2 672 1285 1193 
9 2 1204 1273 255 
9 2 1206 1274 644 
9 2 1200 1283 940 
9 2 1209 1277 257 
9 2 1207 1286 508 
9 2 890 1288 1199 
9 2 1208 1276 273 
9 2 916 1289 1210 
9 2 918 1290 1211 
9 2 1201 1279 704 
9 2 1214 1291 513 
9 2 1216 1293 514 
9 2 872 1292 1215 
9 2 866 1294 1217 
9 2 1218 1296 808 
9 2 267 1295 1222 
9 2 1221 1298 725 
9 2 227 1297 1224 
9 2 1223 1302 738 
9 2 1225 1303 745 
9 2 226 1299 1227 
9 2 245 1300 1228 
9 2 221 1301 1229 
9 2 1226 1304 607 
9 2 110 1185 109 
9 2 618 1186 623 
9 2 625 1187 630 
9 2 246 1188 121 
9 2 254 1189 124 
9 2 632 1190 637 
9 2 676 1192 681 
9 2 137 1197 243 
9 2 140 1193 257 
9 2 700 1194 705 
9 2 128 1191 270 
9 2 270 1198 127 
9 2 653 1196 658 
9 2 646 1195 651 
9 2 416 1199 509 
9 2 889 1200 1016 
9 2 238 1202 148 
9 2 932 1201 931 
9 2 651 1208 648 
9 2 681 1203 678 
9 2 672 1204 669 
9 2 243 1205 136 
9 2 239 1206 130 
9 2 665 1209 662 
9 2 890 1207 887 
9 2 871 1212 937 
9 2 976 1210 841 
9 2 840 1211 843 
9 2 872 1214 870 
9 2 842 1213 919 
9 2 866 1216 863 
9 2 386 1215 514 
9 2 380 1217 515 
9 2 224 1218 178 
9 2 1006 1219 806 
9 2 854 1220 855 
9 2 272 1221 184 
9 2 805 1222 808 
9 2 245 1223 191 
9 2 723 1224 725 
9 2 244 1225 194 
9 2 228 1226 201 
9 2 735 1227 738 
9 2 742 1228 745 
9 2 603 1229 607 
9 2 1066 1307 584 
9 2 585 1230 1012 
9 2 651 1284 1276 
9 2 681 1281 1271 
9 2 270 1278 1270 
9 2 243 1287 1275 
9 2 509 1288 1237 
9 2 843 1290 1244 
9 2 515 1294 1245 
9 2 1247 1296 224 
9 2 1250 1298 272 
9 2 1257 1303 244 
9 2 1263 1304 228 
9 2 280 1236 1232 
9 2 974 1235 1234 
9 2 1232 1236 598 
9 2 1234 1235 1049 
9 2 784 1236 280 
9 2 284 1235 974 
9 2 586 1234 1049 
9 2 250 1233 784 
9 2 592 1231 591 
9 2 591 1232 598 
9 2 598 1236 581 
9 2 1231 1232 591 
9 2 785 1231 300 
9 2 280 1232 785 
9 2 581 1233 586 
9 2 974 1234 250 
9 2 1233 1236 784 
9 2 785 1232 1231 
9 2 1049 1235 621 
9 2 581 1236 1233 
9 2 1233 1234 586 
9 2 250 1234 1233 
9 2 849 1238 983 
9 2 983 1237 891 
9 2 983 1238 1237 
9 2 849 1239 1238 
9 2 850 1239 849 
9 2 1237 1238 966 
9 2 509 1237 966 
9 2 850 1240 1239 
9 2 966 1238 989 
9 2 1238 1239 989 
9 2 852 1240 850 
9 2 1241 1242 988 
9 2 1239 1240 510 
9 2 989 1239 510 
9 2 965 1241 988 
9 2 969 1242 1241 
9 2 510 1240 965 
9 2 511 1243 987 
9 2 1242 1243 511 
9 2 969 1241 852 
9 2 988 1242 511 
9 2 917 1242 969 
9 2 917 1243 1242 
9 2 916 1243 917 
9 2 852 1241 1240 
9 2 1240 1241 965 
9 2 843 1244 844 
9 2 266 1244 853 
9 2 956 1249 1248 
9 2 1248 1249 1033 
9 2 1250 1251 727 
9 2 953 1251 1250 
9 2 515 1245 981 
9 2 857 1245 858 
9 2 981 1246 516 
9 2 1245 1246 981 
9 2 857 1246 1245 
9 2 859 1246 857 
9 2 955 1247 224 
9 2 956 1248 955 
9 2 955 1248 1247 
9 2 1033 1249 724 
9 2 892 1247 893 
9 2 227 1249 956 
9 2 1260 1263 944 
9 2 1247 1248 893 
9 2 893 1248 1033 
9 2 953 1250 272 
9 2 727 1251 729 
9 2 226 1253 948 
9 2 729 1252 731 
9 2 1251 1252 729 
9 2 722 1250 727 
9 2 281 1251 953 
9 2 1256 1261 285 
9 2 948 1252 281 
9 2 610 1263 1260 
9 2 731 1253 733 
9 2 281 1252 1251 
9 2 587 1262 1255 
9 2 820 1261 1256 
9 2 747 1257 749 
9 2 1254 1259 791 
9 2 1260 1264 611 
9 2 221 1254 791 
9 2 1042 1259 1254 
9 2 587 1255 582 
9 2 749 1258 751 
9 2 1257 1258 749 
9 2 1252 1253 731 
9 2 948 1253 1252 
9 2 1025 1262 587 
9 2 285 1261 782 
9 2 610 1260 611 
9 2 944 1263 228 
9 2 820 1256 589 
9 2 1258 1259 751 
9 2 1042 1254 605 
9 2 782 1255 241 
9 2 751 1259 1042 
9 2 791 1259 279 
9 2 971 1256 285 
9 2 611 1264 1025 
9 2 293 1264 1260 
9 2 606 1263 610 
9 2 293 1260 944 
9 2 279 1258 930 
9 2 930 1257 244 
9 2 930 1258 1257 
9 2 1255 1262 241 
9 2 279 1259 1258 
9 2 582 1261 820 
9 2 241 1262 970 
9 2 1025 1264 1262 
9 2 970 1264 293 
9 2 1262 1264 970 
9 2 1255 1261 582 
9 2 782 1261 1255 
9 2 1237 1288 891 
9 2 1244 1290 853 
9 2 1245 1294 858 
9 2 892 1296 1247 
9 2 747 1303 1257 
9 2 722 1298 1250 
9 2 606 1304 1263 
9 2 120 1266 119 
9 2 619 1265 622 
9 2 123 1267 122 
9 2 627 1268 629 
9 2 126 1269 125 
9 2 634 1270 636 
9 2 702 1272 704 
9 2 655 1275 657 
9 2 145 1271 144 
9 2 142 1273 141 
9 2 1276 1284 132 
9 2 641 1274 643 
9 2 139 1277 138 
9 2 133 1276 132 
9 2 1270 1278 636 
9 2 636 1278 639 
9 2 1271 1281 144 
9 2 147 1280 146 
9 2 144 1281 143 
9 2 939 1283 508 
9 2 135 1282 134 
9 2 132 1284 131 
9 2 657 1287 660 
9 2 420 1286 418 
9 2 664 1285 667 
9 2 1056 1279 940 
9 2 1275 1287 657 
9 2 891 1288 886 
9 2 918 1289 914 
9 2 853 1290 941 
9 2 390 1291 388 
9 2 865 1292 868 
9 2 384 1293 382 
9 2 858 1294 861 
9 2 177 1295 176 
9 2 183 1297 182 
9 2 804 1296 892 
9 2 190 1299 189 
9 2 721 1298 722 
9 2 193 1300 192 
9 2 200 1301 199 
9 2 737 1302 740 
9 2 744 1303 747 
9 2 602 1304 606 
9 2 1012 1305 305 
9 2 583 1306 1066 
9 2 838 1307 274 
9 2 1178 1312 971 
9 2 1180 1310 103 
9 2 219 1308 1179 
9 2 210 1309 1178 
9 2 300 1311 112 
9 2 302 1308 4 
9 2 301 1309 211 
9 2 102 1310 768 
9 2 1185 1313 289 
9 2 590 1313 592 
9 2 768 1310 1180 
9 2 1179 1308 302 
9 2 1178 1309 301 
9 2 1181 1311 300 
9 2 111 1311 1181 
9 2 1186 1266 623 
9 2 246 1265 1188 
9 2 1187 1267 630 
9 2 254 1268 1189 
9 2 1190 1269 637 
9 2 1193 1285 257 
9 2 1192 1281 681 
9 2 1194 1280 705 
9 2 1196 1282 658 
9 2 1195 1284 651 
9 2 1191 1278 270 
9 2 1197 1287 243 
9 2 270 1270 1198 
9 2 932 1279 1201 
9 2 681 1271 1203 
9 2 239 1274 1206 
9 2 238 1272 1202 
9 2 889 1283 1200 
9 2 672 1273 1204 
9 2 1199 1288 509 
9 2 651 1276 1208 
9 2 243 1275 1205 
9 2 665 1277 1209 
9 2 890 1286 1207 
9 2 1210 1289 841 
9 2 1211 1290 843 
9 2 872 1291 1214 
9 2 1215 1292 514 
9 2 866 1293 1216 
9 2 1217 1294 515 
9 2 224 1296 1218 
9 2 1222 1295 808 
9 2 272 1298 1221 
9 2 1224 1297 725 
9 2 245 1302 1223 
9 2 244 1303 1225 
9 2 228 1304 1226 
9 2 1227 1299 738 
9 2 1228 1300 745 
9 2 1229 1301 607 
9 2 589 1312 1182 
9 2 971 1312 1256 
9 2 1256 1312 589 
9 2 592 1313 1185 
