1314
0 0 0
10 0 0
10 1 0
0 1 0
0.1 0 0
0.2 0 0
0.3 0 0
0.4 0 0
0.5 0 0
0.6 0 0
0.7 0 0
0.8 0 0
0.9 0 0
1 0 0
1.1 0 0
1.2 0 0
1.3 0 0
1.4 0 0
1.5 0 0
1.6 0 0
1.7 0 0
1.8 0 0
1.9 0 0
2 0 0
2.1 0 0
2.2 0 0
2.3 0 0
2.4 0 0
2.5 0 0
2.6 0 0
2.7 0 0
2.8 0 0
2.9 0 0
3 0 0
3.1 0 0
3.2 0 0
3.3 0 0
3.4 0 0
3.5 0 0
3.6 0 0
3.7 0 0
3.8 0 0
3.9 0 0
4 0 0
4.1 0 0
4.2 0 0
4.3 0 0
4.4 0 0
4.5 0 0
4.6 0 0
4.7 0 0
4.8 0 0
4.9 0 0
5 0 0
5.1 0 0
5.2 0 0
5.3 0 0
5.4 0 0
5.5 0 0
5.6 0 0
5.7 0 0
5.8 0 0
5.9 0 0
6 0 0
6.1 0 0
6.2 0 0
6.3 0 0
6.4 0 0
6.5 0 0
6.6 0 0
6.7 0 0
6.8 0 0
6.9 0 0
7 0 0
7.1 0 0
7.2 0 0
7.3 0 0
7.4 0 0
7.5 0 0
7.6 0 0
7.7 0 0
7.8 0 0
7.9 0 0
8 0 0
8.1 0 0
8.2 0 0
8.3 0 0
8.4 0 0
8.5 0 0
8.6 0 0
8.7 0 0
8.8 0 0
8.9 0 0
9 0 0
9.1 0 0
9.2 0 0
9.3 0 0
9.4 0 0
9.5 0 0
9.6 0 0
9.7 0 0
9.8 0 0
9.9 0 0
10 0.1 0
10 0.2 0
10 0.3 0
10 0.4 0
10 0.5 0
10 0.6 0
10 0.7 0
10 0.8 0
10 0.9 0
9.9 1 0
9.8 1 0
9.7 1 0
9.6 1 0
9.5 1 0
9.4 1 0
9.3 1 0
9.2 1 0
9.1 1 0
9 1 0
8.9 1 0
8.8 1 0
8.7 1 0
8.6 1 0
8.5 1 0
8.4 1 0
8.3 1 0
8.2 1 0
8.1 1 0
8 1 0
7.9 1 0
7.8 1 0
7.7 1 0
7.6 1 0
7.5 1 0
7.4 1 0
7.3 1 0
7.2 1 0
7.1 1 0
7 1 0
6.9 1 0
6.8 1 0
6.7 1 0
6.6 1 0
6.5 1 0
6.4 1 0
6.3 1 0
6.2 1 0
6.1 1 0
6 1 0
5.9 1 0
5.8 1 0
5.7 1 0
5.6 1 0
5.5 1 0
5.4 1 0
5.3 1 0
5.2 1 0
5.1 1 0
5 1 0
4.9 1 0
4.8 1 0
4.7 1 0
4.6 1 0
4.5 1 0
4.4 1 0
4.3 1 0
4.2 1 0
4.1 1 0
4 1 0
3.9 1 0
3.8 1 0
3.7 1 0
3.6 1 0
3.5 1 0
3.4 1 0
3.3 1 0
3.2 1 0
3.1 1 0
3 1 0
2.9 1 0
2.8 1 0
2.7 1 0
2.6 1 0
2.5 1 0
2.4 1 0
2.3 1 0
2.2 1 0
2.1 1 0
2 1 0
1.9 1 0
1.8 1 0
1.7 1 0
1.6 1 0
1.5 1 0
1.4 1 0
1.3 1 0
1.2 1 0
1.1 1 0
1 1 0
0.9 1 0
0.8 1 0
0.7 1 0
0.6 1 0
0.5 1 0
0.4 1 0
0.3 1 0
0.2 1 0
0.1 1 0
0 0.9 0
0 0.8 0
0 0.7 0
0 0.6 0
0 0.5 0
0 0.4 0
0 0.3 0
0 0.2 0
0 0.1 0
8.75 0.0866025 0
1.24824 0.921737 0
6.75 0.0866025 0
7.05 0.0866025 0
3.24936 0.915464 0
7.75 0.0866025 0
2.24824 0.921737 0
2.94824 0.921737 0
0.949357 0.915464 0
9.25 0.0866025 0
2.55 0.0866025 0
3.75 0.0866025 0
4.15 0.0866025 0
4.45 0.0866025 0
4.75 0.0866025 0
5.05 0.0866025 0
5.35 0.0866025 0
5.65 0.0866025 0
6.24506 0.919493 0
8.04506 0.926474 0
8.45 0.0866025 0
0.55 0.913397 0
5.95 0.0866025 0
7.45 0.922737 0
1.64936 0.915464 0
1.94506 0.926474 0
8.94506 0.926474 0
6.55 0.930211 0
3.45 0.0866025 0
1.45 0.0866025 0
9.45 0.913397 0
3.95 0.913397 0
0.75 0.0866025 0
1.15 0.0866025 0
8.64506 0.926474 0
6.85 0.930211 0
2.15 0.0866025 0
7.15494 0.926474 0
2.85 0.0866025 0
3.15 0.0866025 0
6.45 0.0866025 0
5.75 0.913397 0
5.15 0.913397 0
4.85 0.913397 0
4.25 0.913397 0
5.45 0.913397 0
4.54753 0.918093 0
3.55 0.92323 0
8.15 0.0866025 0
1.85 0.0866025 0
8.35 0.922737 0
7.35 0.0866025 0
2.64936 0.915464 0
7.75 0.930211 0
9.91522 0.45316 0
0.0899395 0.45719 0
9.55 0.0866025 0
0.45 0.0866025 0
8.95 0.0866025 0
1.45 0.913397 0
9.65 0.913397 0
2.45 0.913397 0
6.05 0.913397 0
3.75 0.913397 0
9.24824 0.921737 0
0.35 0.913397 0
1.65 0.0866025 0
0.95 0.0866025 0
3.95 0.0866025 0
9.92564 0.651453 0
7.55 0.0866025 0
0.0866025 0.65 0
6.15 0.0866025 0
0.75 0.913397 0
2.35 0.0866025 0
7.95 0.0866025 0
9.91037 0.241327 0
0.25 0.0866025 0
0.0896296 0.241327 0
9.75 0.0866025 0
9.84954 0.922852 0
0.0829497 0.849407 0
0.150424 0.0846772 0
0.184461 0.181483 0
0.29741 0.174585 0
0.25 0.259808 0
0.349568 0.260038 0
0.299928 0.346448 0
0.399916 0.346455 0
0.349974 0.433027 0
0.449982 0.433022 0
0.399993 0.519619 0
0.499996 0.519618 0
0.549996 0.433015 0
0.6 0.519615 0
0.649999 0.433013 0
0.7 0.519615 0
0.75 0.433013 0
0.8 0.519615 0
0.85 0.433013 0
0.9 0.519615 0
0.95 0.433013 0
1 0.519615 0
1.05 0.433013 0
1.1 0.519615 0
1.15 0.433013 0
1.2 0.519615 0
1.25 0.433013 0
1.3 0.519615 0
1.35 0.433013 0
1.4 0.519615 0
1.45 0.433013 0
1.5 0.519615 0
1.55 0.433013 0
1.6 0.519615 0
1.65 0.433013 0
1.7 0.519615 0
1.75 0.433013 0
1.8 0.519615 0
1.85 0.433013 0
1.9 0.519615 0
1.95 0.433013 0
2 0.519615 0
2.05 0.433013 0
2.1 0.519615 0
2.15 0.433013 0
2.2 0.519615 0
2.25 0.433013 0
2.3 0.519615 0
2.35 0.433013 0
2.4 0.519615 0
2.45 0.433013 0
2.5 0.519615 0
2.55 0.433013 0
2.6 0.519615 0
2.65 0.433013 0
2.7 0.519615 0
2.75 0.433013 0
2.8 0.519615 0
2.85 0.433013 0
2.9 0.519615 0
2.95 0.433013 0
3 0.519615 0
3.05 0.433013 0
3.1 0.519615 0
3.15 0.433013 0
3.2 0.519615 0
3.25 0.433013 0
3.3 0.519615 0
3.35 0.433013 0
3.4 0.519615 0
3.45 0.433013 0
3.5 0.519615 0
3.55 0.433013 0
3.6 0.519615 0
3.65 0.433013 0
3.7 0.519615 0
3.75 0.433013 0
3.8 0.519615 0
3.85 0.433013 0
3.89753 0.518189 0
3.94959 0.432775 0
3.99705 0.514618 0
4.0496 0.432389 0
4.09944 0.515384 0
4.14984 0.432204 0
4.19741 0.517349 0
4.24954 0.4325 0
4.29702 0.514432 0
4.35 0.433013 0
4.3995 0.515457 0
4.44992 0.43232 0
4.4999 0.518807 0
4.54997 0.432762 0
4.59998 0.519439 0
4.64999 0.432942 0
4.7 0.519574 0
4.75 0.432994 0
4.8 0.519605 0
4.85 0.433008 0
4.9 0.519613 0
4.95 0.433011 0
5 0.519615 0
5.05 0.433012 0
5.1 0.519615 0
5.15 0.433013 0
5.2 0.519615 0
5.25 0.433013 0
5.3 0.519615 0
5.35 0.433013 0
5.4 0.519615 0
5.45 0.433013 0
5.5 0.519615 0
5.55 0.433013 0
5.6 0.519615 0
5.65 0.433013 0
5.69753 0.518189 0
5.74959 0.432775 0
5.79705 0.514618 0
5.8496 0.432389 0
5.89944 0.515384 0
5.94984 0.432204 0
5.99988 0.518775 0
6.04995 0.432738 0
6.09997 0.519429 0
6.14999 0.432936 0
6.19999 0.519571 0
6.25 0.432993 0
6.3 0.519605 0
6.35 0.433008 0
6.4 0.519613 0
6.45 0.433011 0
6.5 0.519615 0
6.55 0.433012 0
6.6 0.519615 0
6.65 0.433013 0
6.7 0.519615 0
6.75 0.433013 0
6.8 0.519615 0
6.85 0.433013 0
6.9 0.519615 0
6.95 0.433013 0
7 0.519615 0
7.05 0.433013 0
7.1 0.519615 0
7.15 0.433013 0
7.2 0.519615 0
7.25 0.433013 0
7.3 0.519615 0
7.35 0.433013 0
7.4 0.519615 0
7.45 0.433013 0
7.5 0.519615 0
7.55 0.433013 0
7.6 0.519615 0
7.65 0.433013 0
7.7 0.519615 0
7.75 0.433013 0
7.8 0.519615 0
7.85 0.433013 0
7.9 0.519615 0
7.95 0.433013 0
8 0.519615 0
8.05 0.433013 0
8.1 0.519615 0
8.15 0.433013 0
8.2 0.519615 0
8.25 0.433013 0
8.3 0.519615 0
8.35 0.433013 0
8.4 0.519615 0
8.45 0.433013 0
8.5 0.519615 0
8.55 0.433013 0
8.6 0.519615 0
8.65 0.433013 0
8.7 0.519615 0
8.75 0.433013 0
8.8 0.519615 0
8.85 0.433013 0
8.9 0.519615 0
8.95 0.433013 0
9 0.519615 0
9.05 0.433013 0
9.1 0.519615 0
9.15 0.433013 0
9.2 0.519615 0
9.25 0.433013 0
9.3 0.519615 0
9.35 0.433013 0
9.4 0.519615 0
9.45 0.433013 0
9.5 0.519615 0
9.55 0.433013 0
9.6 0.519615 0
9.15 0.606218 0
8.85 0.606218 0
8.55 0.606218 0
8.25 0.606218 0
9.35 0.606218 0
9.55 0.606218 0
7.95 0.606218 0
7.65 0.606218 0
7.35 0.606218 0
7.05 0.606218 0
6.75 0.606218 0
6.45 0.606217 0
6.14999 0.60618 0
5.94816 0.597256 0
5.64925 0.604089 0
5.35 0.606218 0
5.05 0.606218 0
4.75 0.606209 0
4.4499 0.595557 0
4.14454 0.592058 0
3.84925 0.604089 0
3.64753 0.601523 0
3.35 0.606218 0
3.05 0.606218 0
2.85 0.606218 0
2.55 0.606218 0
2.35 0.606218 0
2.05 0.606218 0
1.75 0.606218 0
1.55 0.606218 0
1.05 0.606218 0
1.35 0.606218 0
0.449998 0.606219 0
0.65 0.606218 0
0.85 0.606218 0
0.599999 0.346411 0
1.3 0.34641 0
2 0.34641 0
2.7 0.34641 0
3 0.34641 0
3.3 0.34641 0
3.6 0.34641 0
4.29992 0.346325 0
4.59999 0.346357 0
4.9 0.346409 0
5.2 0.34641 0
5.5 0.34641 0
5.79986 0.346267 0
6.3 0.346406 0
6.6 0.34641 0
6.9 0.34641 0
7.2 0.34641 0
8.3 0.34641 0
8.6 0.34641 0
9.1 0.34641 0
9.4 0.34641 0
9.65 0.433013 0
9.65 0.606218 0
0.349998 0.606219 0
0.8 0.34641 0
1.1 0.34641 0
1.6 0.34641 0
1.8 0.34641 0
2.3 0.34641 0
2.5 0.34641 0
3.89993 0.346371 0
4.09991 0.346171 0
6.09999 0.346352 0
7.5 0.34641 0
7.7 0.34641 0
7.9 0.34641 0
8.1 0.34641 0
8.9 0.34641 0
9.6 0.34641 0
9.7 0.34641 0
9.6 0.69282 0
9.7 0.69282 0
0.399999 0.692821 0
0.3 0.692821 0
0.449914 0.259853 0
9.5 0.69282 0
0.5 0.692821 0
9.65 0.259808 0
9.55 0.259808 0
9.75267 0.601912 0
0.251795 0.605182 0
9.55 0.779423 0
0.45 0.779423 0
9.7471 0.261482 0
9.75063 0.431552 0
0.252722 0.43144 0
9.45 0.779423 0
0.55 0.779423 0
0.185388 0.696775 0
0.251006 0.77853 0
9.79378 0.693716 0
9.75 0.779423 0
9.84416 0.771378 0
9.2 0.34641 0
9.15 0.259808 0
9.05 0.259808 0
9.25 0.259808 0
9.1 0.173205 0
9.65 0.779423 0
0.95 0.606218 0
1 0.69282 0
1.1 0.69282 0
1.05 0.776129 0
1.14753 0.777448 0
1.19959 0.692491 0
1.24705 0.774344 0
0.95 0.777571 0
1.09465 0.85207 0
0.9 0.692512 0
0.8 0.692769 0
0.85 0.777625 0
0.75 0.777641 0
0.7 0.692515 0
9.3 0.34641 0
9.35 0.259808 0
9.25 0.606218 0
9.2 0.69282 0
9.1 0.69282 0
9.14753 0.777997 0
9.04959 0.775891 0
8.99993 0.692232 0
9.24712 0.77449 0
8.94745 0.774016 0
9.09458 0.852122 0
8.89956 0.691821 0
8.84703 0.776929 0
8.79943 0.692238 0
8.74941 0.775616 0
8.69981 0.692089 0
8.6474 0.773946 0
8.79447 0.851899 0
8.59953 0.691786 0
8.54702 0.776912 0
8.49943 0.692229 0
8.44941 0.775612 0
8.39981 0.692087 0
8.34997 0.777511 0
8.49447 0.851895 0
8.29996 0.692379 0
8.24999 0.775736 0
8.19999 0.692132 0
8.15 0.7754 0
8.1 0.692035 0
8.04753 0.773901 0
8.2 0.847927 0
7.99959 0.691769 0
7.94705 0.776902 0
7.89944 0.692225 0
7.85188 0.777478 0
7.8 0.69282 0
7.75 0.779423 0
7.89982 0.855941 0
7.7 0.69282 0
7.64753 0.777997 0
7.59959 0.692583 0
7.54952 0.775851 0
7.49985 0.692185 0
7.44997 0.777525 0
7.59457 0.852116 0
7.39997 0.692398 0
7.34999 0.775742 0
7.29999 0.692137 0
7.25247 0.77727 0
7.20041 0.692347 0
7.15295 0.774265 0
7.30535 0.851976 0
7.1 0.69282 0
7.05049 0.775269 0
7.00008 0.692128 0
6.95257 0.777189 0
6.90044 0.692333 0
6.85 0.779423 0
7.00545 0.851884 0
8.44987 0.605997 0
8.74987 0.605999 0
6.80007 0.692739 0
6.74754 0.777983 0
6.6996 0.692567 0
6.65199 0.777715 0
6.60027 0.692493 0
6.55 0.779423 0
6.69992 0.856161 0
7.84991 0.606119 0
6.64998 0.606121 0
7.54991 0.606072 0
7.25007 0.606025 0
6.95009 0.606021 0
8.15 0.606154 0
8.2 0.34641 0
8.25 0.259808 0
8.35 0.259808 0
8.3 0.173205 0
8.15 0.259808 0
8.05 0.259808 0
1.4 0.34641 0
1.35 0.259808 0
1.25 0.259808 0
1.45 0.259808 0
1.3 0.173205 0
6.50004 0.692766 0
6.44754 0.777988 0
6.3996 0.692572 0
6.34952 0.775848 0
6.29985 0.692183 0
6.24743 0.76702 0
6.39457 0.852114 0
8 0.34641 0
7.95 0.259808 0
7.85 0.259808 0
2.1 0.34641 0
2.05 0.259808 0
1.95 0.259808 0
2.15 0.259808 0
2 0.173205 0
2.2 0.34641 0
2.25 0.259808 0
2.35 0.259808 0
2.75 0.606218 0
2.8 0.69282 0
2.7 0.69282 0
2.9 0.69282 0
2.75 0.776129 0
2.65 0.777571 0
2.84753 0.777448 0
2.94712 0.774399 0
2.79465 0.85207 0
2.6 0.692512 0
2.55 0.777627 0
2.5 0.69247 0
2.45 0.777628 0
2.4 0.692463 0
2.35 0.779423 0
2.3 0.692761 0
2.24753 0.774718 0
2.19959 0.692026 0
2.14705 0.777081 0
2.09944 0.692298 0
2.04941 0.775651 0
2.09447 0.85193 0
1.99981 0.692105 0
1.9474 0.773955 0
1.89954 0.69179 0
1.84702 0.776914 0
1.79943 0.69223 0
1.74941 0.775612 0
1.79447 0.851895 0
1.69981 0.692087 0
1.64997 0.777517 0
1.59996 0.69238 0
1.55 0.777619 0
1.49999 0.692446 0
1.45 0.779423 0
1.4 0.692758 0
1.45 0.606145 0
1 0.34641 0
1.05 0.259808 0
0.95 0.259808 0
1.95 0.606218 0
8.85 0.0866025 0
8.8 0.173205 0
8.7 0.173205 0
8.75 0.259808 0
8.9 0.173205 0
2.6 0.34641 0
2.65 0.259808 0
2.75 0.259808 0
2.7 0.173205 0
2.55 0.259808 0
9.84958 0.0846772 0
7 0.34641 0
6.95 0.259808 0
6.85 0.259808 0
7.05 0.259808 0
6.9 0.173205 0
7.1 0.34641 0
7.15 0.259808 0
7.25 0.259808 0
7.2 0.173205 0
9.5 0.34641 0
1.5 0.34641 0
1.55 0.259808 0
1.65 0.259808 0
0.45 0.913397 0
2.65 0.606166 0
9.55 0.913397 0
9.74998 0.91551 0
9.45 0.259808 0
9.4 0.173205 0
7.85 0.0866025 0
0.300747 0.519184 0
0.187001 0.51236 0
1.34985 0.917443 0
7.4 0.34641 0
7.45 0.259808 0
7.55 0.259808 0
0.499992 0.346415 0
0.549984 0.259816 0
0.649997 0.259809 0
0.599997 0.173207 0
0.499983 0.173214 0
3.25 0.606218 0
3.3 0.69282 0
3.4 0.69282 0
3.2 0.69282 0
3.35 0.776129 0
3.44753 0.777448 0
3.49712 0.691065 0
3.54664 0.764299 0
3.39465 0.85207 0
3.5 0.34641 0
3.55 0.259808 0
3.65 0.259808 0
3.45 0.259808 0
3.6 0.173205 0
1.05 0.0866025 0
1.1 0.173205 0
3.7 0.34641 0
3.75 0.259808 0
7.65 0.0866025 0
7.7 0.173205 0
0.35 0.779423 0
8.65 0.0866025 0
8.6 0.173205 0
3.1 0.34641 0
3.05 0.259808 0
2.95 0.259808 0
3.15 0.259808 0
3 0.173205 0
4.39997 0.34628 0
4.34998 0.259772 0
4.24998 0.259787 0
4.44999 0.25978 0
4.29999 0.173196 0
0.649999 0.0866028 0
0.699999 0.173206 0
0.8 0.173205 0
0.85 0.0866026 0
9.91782 0.550769 0
9.81922 0.507752 0
4.65 0.60618 0
4.69753 0.691387 0
4.79465 0.686484 0
4.60206 0.691149 0
4.64934 0.777222 0
4.55017 0.767286 0
5.55 0.913397 0
5.5 0.826795 0
5.4 0.826795 0
5.6 0.826795 0
5.45 0.740192 0
5.35 0.740192 0
5.3 0.826795 0
5.25 0.740192 0
4.64985 0.916075 0
3.65247 0.916462 0
3.70288 0.828732 0
3.80048 0.827118 0
3.75 0.740192 0
3.85 0.740192 0
3.64994 0.750298 0
3.90008 0.826849 0
3.95001 0.743496 0
4.00002 0.827354 0
4.04754 0.742262 0
4.09959 0.827233 0
4.14705 0.74533 0
3.99465 0.667562 0
4.2 0.826795 0
4.24951 0.744343 0
4.29992 0.827487 0
4.34743 0.742425 0
4.39709 0.828708 0
4.29455 0.667731 0
4.44665 0.753363 0
4.04993 0.913564 0
3.2 0.34641 0
3.25 0.259808 0
4.95 0.0866025 0
5 0.173205 0
5.1 0.173205 0
4.9 0.173205 0
5.05 0.259808 0
5.25 0.913397 0
5.65 0.913397 0
5.7 0.826795 0
5.8 0.826795 0
5.75 0.743487 0
5.84753 0.742167 0
5.89959 0.827124 0
5.94458 0.746672 0
5.79465 0.667545 0
5.65 0.742044 0
3.25 0.777571 0
3.15 0.777641 0
2.45 0.0866025 0
4.85 0.0866025 0
4.8 0.173205 0
4.7 0.173205 0
4.75 0.259808 0
4.65 0.0866025 0
4.6 0.173205 0
4.55 0.0866025 0
5.75 0.0866025 0
5.7 0.173205 0
5.6 0.173205 0
5.8 0.173205 0
5.65 0.259808 0
5.55 0.0866025 0
5.5 0.173205 0
5.85 0.0866025 0
5.9 0.173205 0
6 0.173205 0
5.95 0.259808 0
4.95 0.913397 0
4.9 0.830089 0
5 0.827344 0
4.94824 0.74899 0
5.04985 0.744323 0
4.79753 0.839045 0
4.55278 0.602566 0
6.25 0.0866025 0
6.2 0.173205 0
6.3 0.173205 0
6.65 0.0866025 0
6.7 0.173205 0
6.6 0.173205 0
4.05 0.0866025 0
4 0.173205 0
3.9 0.173205 0
4.1 0.173205 0
1.55 0.913397 0
6.14671 0.915839 0
6.09451 0.833298 0
4.3495 0.913832 0
8.5 0.34641 0
2.24998 0.606181 0
3.85 0.0866025 0
4.44655 0.915997 0
8.05 0.0866025 0
6.04967 0.601253 0
6.0982 0.683867 0
4.74969 0.917528 0
3.85009 0.91346 0
3.1 0.692523 0
0.85 0.913397 0
2.4 0.34641 0
1.55 0.0866025 0
7.45 0.0866025 0
2.34985 0.917443 0
6.5 0.34641 0
6.4 0.346408 0
6.45 0.259807 0
3.25 0.0866025 0
2.55 0.913397 0
0.0871618 0.552327 0
3.15 0.913397 0
3.04985 0.917443 0
6.1 0.173205 0
2.95 0.606218 0
7.6 0.34641 0
5.45 0.0866025 0
5.4 0.173205 0
5.3 0.173205 0
5.35 0.259808 0
0.101915 0.34833 0
5.25 0.606218 0
5.55 0.606218 0
5.05 0.913489 0
5.09997 0.82759 0
5.14999 0.742108 0
0.65 0.913397 0
0.254021 0.920408 0
0.0861479 0.749364 0
5.19999 0.827247 0
9.34985 0.917443 0
4.49997 0.346218 0
4.84664 0.603732 0
6.2 0.346384 0
5.25 0.0866025 0
5.84993 0.913452 0
6.05 0.0866025 0
3.74973 0.602302 0
3.99984 0.34622 0
5.55 0.741975 0
5.2 0.173205 0
5.15 0.0866025 0
6.35 0.0866025 0
4.94697 0.601108 0
5.15 0.606218 0
5.45 0.606218 0
9.89942 0.347102 0
3.4 0.34641 0
9.65 0.0866025 0
5.35 0.913397 0
3.35 0.0866025 0
8.95 0.606218 0
5.94992 0.913461 0
3.15 0.606168 0
1.84983 0.605948 0
6.55 0.0866025 0
1.64996 0.606022 0
3.79999 0.346404 0
2.25 0.0866025 0
3.44952 0.605925 0
2.45 0.259808 0
6.34991 0.606068 0
3.54656 0.603668 0
1.75 0.0866025 0
1.8 0.173205 0
4.19987 0.346133 0
2.14984 0.605992 0
2.9 0.34641 0
0.2064 0.346568 0
7.3 0.34641 0
7.35 0.259808 0
4.15 0.913397 0
5.99563 0.83045 0
3.35 0.259808 0
0.349568 0.0868325 0
0.399407 0.173521 0
6.7 0.34641 0
2.45 0.606218 0
6.8 0.34641 0
7.8 0.34641 0
7.15 0.606218 0
0.65 0.779423 0
1.2 0.34641 0
1.7 0.34641 0
9.70375 0.516677 0
2.8 0.34641 0
0.549996 0.0866044 0
9.04999 0.60612 0
8.34994 0.605985 0
3.04975 0.775483 0
9.29952 0.691998 0
1.35 0.0866025 0
6.8501 0.60609 0
3 0.69282 0
1.14993 0.606163 0
0.9 0.173205 0
0.699999 0.346411 0
6.24996 0.606071 0
1.34975 0.77565 0
2.85 0.259808 0
7.74998 0.606201 0
8.4 0.34641 0
6.55005 0.606138 0
8.55 0.0866025 0
8.5 0.173205 0
9.3498 0.776691 0
9.45 0.606218 0
8.05 0.606218 0
7.44995 0.606017 0
1.9 0.34641 0
0.9 0.34641 0
1.24992 0.606154 0
6.19924 0.68583 0
0.549999 0.606218 0
9 0.34641 0
9.39989 0.692228 0
1.15 0.259808 0
1.3 0.69282 0
1.7 0.173205 0
0.749999 0.259808 0
0.85 0.259808 0
0.75 0.606158 0
9.8 0.34641 0
1 0.173205 0
1.2 0.173205 0
1.25 0.0866025 0
0.6 0.69277 0
8.65 0.606218 0
2.05 0.0866025 0
1.4 0.173205 0
1.5 0.173205 0
1.75 0.259808 0
1.6 0.173205 0
1.85 0.259808 0
1.9 0.173205 0
2.1 0.173205 0
1.95 0.0866025 0
2.2 0.173205 0
2.3 0.173205 0
2.75 0.0866025 0
2.8 0.173205 0
3.05 0.0866025 0
2.4 0.173205 0
2.6 0.173205 0
2.5 0.173205 0
3.1 0.173205 0
2.65 0.0866025 0
2.9 0.173205 0
2.95 0.0866025 0
3.65 0.0866025 0
3.2 0.173205 0
3.8 0.173205 0
3.3 0.173205 0
3.4 0.173205 0
3.5 0.173205 0
3.55 0.0866025 0
4.35 0.086601 0
3.84999 0.2598 0
3.7 0.173205 0
4.5 0.1732 0
3.94996 0.259768 0
4.04995 0.25973 0
4.14995 0.259705 0
4.65 0.259799 0
4.2 0.173205 0
4.25 0.0866007 0
4.95 0.259807 0
4.4 0.173202 0
4.54999 0.25976 0
4.7 0.346385 0
5.25 0.259808 0
4.8 0.346402 0
5.3 0.34641 0
4.85 0.259806 0
5 0.34641 0
5.55 0.259808 0
5.1 0.34641 0
5.6 0.34641 0
5.15 0.259808 0
5.84998 0.259784 0
5.4 0.34641 0
5.45 0.259808 0
5.69991 0.346347 0
5.74996 0.259769 0
5.89988 0.346144 0
6.5 0.173205 0
5.99994 0.346175 0
6.04999 0.259759 0
6.15 0.259785 0
6.95 0.0866025 0
6.25 0.259799 0
6.35 0.259805 0
6.4 0.173205 0
6.55 0.259807 0
6.65 0.259808 0
7.25 0.0866025 0
6.75 0.259808 0
6.8 0.173205 0
7.65 0.259808 0
7.6 0.173205 0
6.85 0.0866025 0
7 0.173205 0
7.1 0.173205 0
7.15 0.0866025 0
8.45 0.259808 0
9.15 0.0866025 0
8.65 0.259808 0
8.4 0.173205 0
7.3 0.173205 0
8.35 0.0866025 0
7.4 0.173205 0
7.5 0.173205 0
9.5 0.173205 0
9.45 0.0866025 0
8.25 0.0866025 0
7.8 0.173205 0
9.81512 0.181722 0
7.9 0.173205 0
8.1 0.173205 0
8.2 0.173205 0
8 0.173205 0
8.95 0.259808 0
7.75 0.259808 0
8.55 0.259808 0
8.7 0.34641 0
8.8 0.34641 0
8.85 0.259808 0
9 0.173205 0
9.35 0.0866025 0
9.3 0.173205 0
9.70204 0.174904 0
9.60034 0.173488 0
9.05 0.0866025 0
9.2 0.173205 0
0.155907 0.906146 0
0.083187 0.149103 0
9.91676 0.149131 0
9.91095 0.846729 0
0.161947 0.8 0
9.84665 0.619053 0
0.16077 0.6 0
9.93045 0.75 0
9.19791 0.850987 0
8.89734 0.851457 0
9.04827 0.926337 0
8.74825 0.926299 0
8.59732 0.851442 0
8.24753 0.923146 0
6.80205 0.855735 0
7.05173 0.926297 0
6.49659 0.85575 0
7.99824 0.852107 0
7.69659 0.855751 0
7.35089 0.925689 0
8.44908 0.925676 0
5.74808 0.594042 0
6.04715 0.7545 0
6.19728 0.840261 0
6.34827 0.925172 0
6.59975 0.855404 0
6.90168 0.854601 0
7.54909 0.925713 0
8.14876 0.923968 0
5.89749 0.668858 0
7.79972 0.855328 0
7.20262 0.851568 0
4.89775 0.678913 0
4.74817 0.766776 0
4.49434 0.837464 0
4.49779 0.678678 0
4.39772 0.670701 0
4.24725 0.591896 0
4.0973 0.667837 0
3.94808 0.594044 0
3.349 0.924493 0
3.59431 0.681702 0
3.59785 0.840082 0
2.749 0.924493 0
3.49778 0.848382 0
2.04826 0.926304 0
2.89792 0.850871 0
1.74897 0.924464 0
1.049 0.924493 0
2.19788 0.85084 0
1.89732 0.851444 0
1.19791 0.850862 0
0.167263 0.42042 0
9.80077 0.84705 0
9.70006 0.846644 0
9.5 0.84641 0
9.4 0.84641 0
9.29882 0.84796 0
9.60001 0.846449 0
5.59987 0.673481 0
5.5 0.673205 0
5.4 0.673205 0
5.3 0.673205 0
5.2 0.673205 0
5.1 0.673205 0
4.9988 0.675459 0
4.59962 0.845726 0
3.8 0.673205 0
3.69859 0.67487 0
3.19989 0.846124 0
3.09992 0.846083 0
2.9988 0.847669 0
2.59989 0.846122 0
2.5 0.84641 0
2.4 0.84641 0
2.29892 0.848428 0
1.2988 0.847741 0
0.5 0.84641 0
0.3 0.84641 0
1.59989 0.846111 0
1.5 0.84641 0
1.39973 0.846677 0
0.8 0.84641 0
0.4 0.84641 0
0.6 0.84641 0
0.899893 0.846121 0
0.7 0.84641 0
8.99705 0.851049 0
9.14817 0.925197 0
8.84752 0.926021 0
8.69699 0.850946 0
8.54765 0.925914 0
8.39969 0.84722 0
6.64999 0.93212 0
6.29702 0.846651 0
6.95105 0.928879 0
8.09827 0.849963 0
7.4997 0.847242 0
7.84998 0.932107 0
7.2523 0.925951 0
8.29976 0.847681 0
6.1473 0.760796 0
6.44874 0.928909 0
6.75012 0.93166 0
7.64884 0.928974 0
5.99936 0.673665 0
7.94958 0.931198 0
7.10303 0.85096 0
5.84748 0.59295 0
7.40098 0.850152 0
5.7 0.673355 0
4.84837 0.758833 0
4.7 0.846561 0
4.34766 0.592629 0
4.1967 0.668199 0
4.04684 0.591917 0
3.9 0.673355 0
3.44857 0.924696 0
3.3 0.84626 0
2.8483 0.924862 0
2.7 0.84626 0
2.14814 0.925135 0
1.84764 0.925713 0
1.1483 0.92486 0
1.99699 0.85096 0
1.7 0.84626 0
1 0.84626 0
0.166481 0.275503 0
9.8326 0.269856 0
9.83714 0.417699 0
0.0732051 0.0732051 0
0.0732051 0.926795 0
9.92679 0.0732051 0
9.9273 0.927304 0
0.224576 0.850299 0
9.86943 0.702801 0
