440
4 0 0
2 0 3
4 1 0
4 2 0
4 3 0
4 4 0
4 5 0
4 6 0
4 7 0
4 8 0
4 9 0
4 10 0
4 11 0
4 12 0
4 13 0
4 14 0
4 15 0
4 16 0
4 17 0
4 18 0
4 19 0
4 20 0
4 21 0
4 22 0
4 23 0
4 24 0
4 25 0
4 26 0
4 27 0
4 28 0
4 29 0
4 30 0
4 31 0
4 32 0
4 33 0
4 34 0
4 35 0
4 36 0
4 37 0
4 38 0
4 39 0
4 40 0
4 41 0
4 42 0
4 43 0
4 44 0
4 45 0
4 46 0
4 47 0
4 48 0
4 49 0
4 50 0
4 51 0
4 52 0
4 53 0
4 54 0
4 55 0
4 56 0
4 57 0
4 58 0
4 59 0
4 60 0
4 61 0
4 62 0
4 63 0
4 64 0
4 65 0
4 66 0
4 67 0
4 68 0
4 69 0
4 70 0
4 71 0
4 72 0
4 73 0
4 74 0
4 75 0
4 76 0
4 77 0
4 78 0
4 79 0
4 80 0
4 81 0
4 82 0
4 83 0
4 84 0
4 85 0
4 86 0
4 87 0
4 88 0
4 89 0
4 90 0
4 91 0
4 92 0
4 93 0
4 94 0
4 95 0
4 96 0
4 97 0
4 98 0
4 99 0
4 100 0
4 101 0
4 102 0
4 103 0
4 104 0
4 105 0
4 106 0
4 107 0
4 108 0
4 109 0
4 110 0
4 111 0
4 112 0
4 113 0
4 114 0
4 115 0
4 116 0
4 117 0
4 118 0
4 119 0
4 120 0
4 121 0
4 122 0
4 123 0
4 124 0
4 125 0
4 126 0
4 127 0
4 128 0
4 129 0
4 130 0
4 131 0
4 132 0
4 133 0
4 134 0
4 135 0
4 136 0
4 137 0
4 138 0
4 139 0
4 140 0
4 141 0
4 142 0
4 143 0
4 144 0
4 145 0
4 146 0
4 147 0
4 148 0
4 149 0
4 150 0
4 151 0
4 152 0
4 153 0
4 154 0
4 155 0
4 156 0
4 157 0
4 158 0
4 159 0
4 160 0
4 161 0
4 162 0
4 163 0
4 164 0
4 165 0
4 166 0
4 167 0
4 168 0
4 169 0
4 170 0
4 171 0
4 172 0
4 173 0
4 174 0
4 175 0
4 176 0
4 177 0
4 178 0
4 179 0
4 180 0
4 181 0
4 182 0
4 183 0
4 184 0
4 185 0
4 186 0
4 187 0
4 188 0
4 189 0
4 190 0
4 191 0
4 192 0
4 193 0
4 194 0
4 195 0
4 196 0
4 197 0
4 198 0
4 199 0
3 199 1
2 200 3
3 399 1
2 400 3
3 599 1
2 600 3
3 799 1
2 800 3
3 999 1
2 1000 3
3 1199 1
2 1200 3
3 1399 1
2 1400 3
3 1599 1
2 1600 3
3 1799 1
2 1800 3
3 1999 1
2 2000 3
3 2199 1
2 2200 3
3 2399 1
2 2400 3
3 2599 1
2 2600 3
3 2799 1
2 2800 3
3 2999 1
2 3000 3
3 3199 1
2 3200 3
3 3399 1
2 3400 3
3 3599 1
2 3600 3
3 3799 1
5 3800 2
2 3800 3
5 3801 2
5 3802 2
5 3803 2
5 3804 2
5 3805 2
5 3806 2
5 3807 2
5 3808 2
5 3809 2
5 3810 2
5 3811 2
5 3812 2
5 3813 2
5 3814 2
5 3815 2
5 3816 2
5 3817 2
5 3818 2
5 3819 2
5 3820 2
5 3821 2
5 3822 2
5 3823 2
5 3824 2
5 3825 2
5 3826 2
5 3827 2
5 3828 2
5 3829 2
5 3830 2
5 3831 2
5 3832 2
5 3833 2
5 3834 2
5 3835 2
5 3836 2
5 3837 2
5 3838 2
5 3839 2
5 3840 2
5 3841 2
5 3842 2
5 3843 2
5 3844 2
5 3845 2
5 3846 2
5 3847 2
5 3848 2
5 3849 2
5 3850 2
5 3851 2
5 3852 2
5 3853 2
5 3854 2
5 3855 2
5 3856 2
5 3857 2
5 3858 2
5 3859 2
5 3860 2
5 3861 2
5 3862 2
5 3863 2
5 3864 2
5 3865 2
5 3866 2
5 3867 2
5 3868 2
5 3869 2
5 3870 2
5 3871 2
5 3872 2
5 3873 2
5 3874 2
5 3875 2
5 3876 2
5 3877 2
5 3878 2
5 3879 2
5 3880 2
5 3881 2
5 3882 2
5 3883 2
5 3884 2
5 3885 2
5 3886 2
5 3887 2
5 3888 2
5 3889 2
5 3890 2
5 3891 2
5 3892 2
5 3893 2
5 3894 2
5 3895 2
5 3896 2
5 3897 2
5 3898 2
5 3899 2
5 3900 2
5 3901 2
5 3902 2
5 3903 2
5 3904 2
5 3905 2
5 3906 2
5 3907 2
5 3908 2
5 3909 2
5 3910 2
5 3911 2
5 3912 2
5 3913 2
5 3914 2
5 3915 2
5 3916 2
5 3917 2
5 3918 2
5 3919 2
5 3920 2
5 3921 2
5 3922 2
5 3923 2
5 3924 2
5 3925 2
5 3926 2
5 3927 2
5 3928 2
5 3929 2
5 3930 2
5 3931 2
5 3932 2
5 3933 2
5 3934 2
5 3935 2
5 3936 2
5 3937 2
5 3938 2
5 3939 2
5 3940 2
5 3941 2
5 3942 2
5 3943 2
5 3944 2
5 3945 2
5 3946 2
5 3947 2
5 3948 2
5 3949 2
5 3950 2
5 3951 2
5 3952 2
5 3953 2
5 3954 2
5 3955 2
5 3956 2
5 3957 2
5 3958 2
5 3959 2
5 3960 2
5 3961 2
5 3962 2
5 3963 2
5 3964 2
5 3965 2
5 3966 2
5 3967 2
5 3968 2
5 3969 2
5 3970 2
5 3971 2
5 3972 2
5 3973 2
5 3974 2
5 3975 2
5 3976 2
5 3977 2
5 3978 2
5 3979 2
5 3980 2
5 3981 2
5 3982 2
5 3983 2
5 3984 2
5 3985 2
5 3986 2
5 3987 2
5 3988 2
5 3989 2
5 3990 2
5 3991 2
5 3992 2
5 3993 2
5 3994 2
5 3995 2
5 3996 2
5 3997 2
5 3998 2
3 3999 1
5 3999 2
