4000 4221
1 3 0 1 202 201 
1 3 1 2 203 202 
1 3 2 3 204 203 
1 3 3 4 205 204 
1 3 4 5 206 205 
1 3 5 6 207 206 
1 3 6 7 208 207 
1 3 7 8 209 208 
1 3 8 9 210 209 
1 3 9 10 211 210 
1 3 10 11 212 211 
1 3 11 12 213 212 
1 3 12 13 214 213 
1 3 13 14 215 214 
1 3 14 15 216 215 
1 3 15 16 217 216 
1 3 16 17 218 217 
1 3 17 18 219 218 
1 3 18 19 220 219 
1 3 19 20 221 220 
1 3 20 21 222 221 
1 3 21 22 223 222 
1 3 22 23 224 223 
1 3 23 24 225 224 
1 3 24 25 226 225 
1 3 25 26 227 226 
1 3 26 27 228 227 
1 3 27 28 229 228 
1 3 28 29 230 229 
1 3 29 30 231 230 
1 3 30 31 232 231 
1 3 31 32 233 232 
1 3 32 33 234 233 
1 3 33 34 235 234 
1 3 34 35 236 235 
1 3 35 36 237 236 
1 3 36 37 238 237 
1 3 37 38 239 238 
1 3 38 39 240 239 
1 3 39 40 241 240 
1 3 40 41 242 241 
1 3 41 42 243 242 
1 3 42 43 244 243 
1 3 43 44 245 244 
1 3 44 45 246 245 
1 3 45 46 247 246 
1 3 46 47 248 247 
1 3 47 48 249 248 
1 3 48 49 250 249 
1 3 49 50 251 250 
1 3 50 51 252 251 
1 3 51 52 253 252 
1 3 52 53 254 253 
1 3 53 54 255 254 
1 3 54 55 256 255 
1 3 55 56 257 256 
1 3 56 57 258 257 
1 3 57 58 259 258 
1 3 58 59 260 259 
1 3 59 60 261 260 
1 3 60 61 262 261 
1 3 61 62 263 262 
1 3 62 63 264 263 
1 3 63 64 265 264 
1 3 64 65 266 265 
1 3 65 66 267 266 
1 3 66 67 268 267 
1 3 67 68 269 268 
1 3 68 69 270 269 
1 3 69 70 271 270 
1 3 70 71 272 271 
1 3 71 72 273 272 
1 3 72 73 274 273 
1 3 73 74 275 274 
1 3 74 75 276 275 
1 3 75 76 277 276 
1 3 76 77 278 277 
1 3 77 78 279 278 
1 3 78 79 280 279 
1 3 79 80 281 280 
1 3 80 81 282 281 
1 3 81 82 283 282 
1 3 82 83 284 283 
1 3 83 84 285 284 
1 3 84 85 286 285 
1 3 85 86 287 286 
1 3 86 87 288 287 
1 3 87 88 289 288 
1 3 88 89 290 289 
1 3 89 90 291 290 
1 3 90 91 292 291 
1 3 91 92 293 292 
1 3 92 93 294 293 
1 3 93 94 295 294 
1 3 94 95 296 295 
1 3 95 96 297 296 
1 3 96 97 298 297 
1 3 97 98 299 298 
1 3 98 99 300 299 
1 3 99 100 301 300 
1 3 100 101 302 301 
1 3 101 102 303 302 
1 3 102 103 304 303 
1 3 103 104 305 304 
1 3 104 105 306 305 
1 3 105 106 307 306 
1 3 106 107 308 307 
1 3 107 108 309 308 
1 3 108 109 310 309 
1 3 109 110 311 310 
1 3 110 111 312 311 
1 3 111 112 313 312 
1 3 112 113 314 313 
1 3 113 114 315 314 
1 3 114 115 316 315 
1 3 115 116 317 316 
1 3 116 117 318 317 
1 3 117 118 319 318 
1 3 118 119 320 319 
1 3 119 120 321 320 
1 3 120 121 322 321 
1 3 121 122 323 322 
1 3 122 123 324 323 
1 3 123 124 325 324 
1 3 124 125 326 325 
1 3 125 126 327 326 
1 3 126 127 328 327 
1 3 127 128 329 328 
1 3 128 129 330 329 
1 3 129 130 331 330 
1 3 130 131 332 331 
1 3 131 132 333 332 
1 3 132 133 334 333 
1 3 133 134 335 334 
1 3 134 135 336 335 
1 3 135 136 337 336 
1 3 136 137 338 337 
1 3 137 138 339 338 
1 3 138 139 340 339 
1 3 139 140 341 340 
1 3 140 141 342 341 
1 3 141 142 343 342 
1 3 142 143 344 343 
1 3 143 144 345 344 
1 3 144 145 346 345 
1 3 145 146 347 346 
1 3 146 147 348 347 
1 3 147 148 349 348 
1 3 148 149 350 349 
1 3 149 150 351 350 
1 3 150 151 352 351 
1 3 151 152 353 352 
1 3 152 153 354 353 
1 3 153 154 355 354 
1 3 154 155 356 355 
1 3 155 156 357 356 
1 3 156 157 358 357 
1 3 157 158 359 358 
1 3 158 159 360 359 
1 3 159 160 361 360 
1 3 160 161 362 361 
1 3 161 162 363 362 
1 3 162 163 364 363 
1 3 163 164 365 364 
1 3 164 165 366 365 
1 3 165 166 367 366 
1 3 166 167 368 367 
1 3 167 168 369 368 
1 3 168 169 370 369 
1 3 169 170 371 370 
1 3 170 171 372 371 
1 3 171 172 373 372 
1 3 172 173 374 373 
1 3 173 174 375 374 
1 3 174 175 376 375 
1 3 175 176 377 376 
1 3 176 177 378 377 
1 3 177 178 379 378 
1 3 178 179 380 379 
1 3 179 180 381 380 
1 3 180 181 382 381 
1 3 181 182 383 382 
1 3 182 183 384 383 
1 3 183 184 385 384 
1 3 184 185 386 385 
1 3 185 186 387 386 
1 3 186 187 388 387 
1 3 187 188 389 388 
1 3 188 189 390 389 
1 3 189 190 391 390 
1 3 190 191 392 391 
1 3 191 192 393 392 
1 3 192 193 394 393 
1 3 193 194 395 394 
1 3 194 195 396 395 
1 3 195 196 397 396 
1 3 196 197 398 397 
1 3 197 198 399 398 
1 3 198 199 400 399 
1 3 199 200 401 400 
1 3 201 202 403 402 
1 3 202 203 404 403 
1 3 203 204 405 404 
1 3 204 205 406 405 
1 3 205 206 407 406 
1 3 206 207 408 407 
1 3 207 208 409 408 
1 3 208 209 410 409 
1 3 209 210 411 410 
1 3 210 211 412 411 
1 3 211 212 413 412 
1 3 212 213 414 413 
1 3 213 214 415 414 
1 3 214 215 416 415 
1 3 215 216 417 416 
1 3 216 217 418 417 
1 3 217 218 419 418 
1 3 218 219 420 419 
1 3 219 220 421 420 
1 3 220 221 422 421 
1 3 221 222 423 422 
1 3 222 223 424 423 
1 3 223 224 425 424 
1 3 224 225 426 425 
1 3 225 226 427 426 
1 3 226 227 428 427 
1 3 227 228 429 428 
1 3 228 229 430 429 
1 3 229 230 431 430 
1 3 230 231 432 431 
1 3 231 232 433 432 
1 3 232 233 434 433 
1 3 233 234 435 434 
1 3 234 235 436 435 
1 3 235 236 437 436 
1 3 236 237 438 437 
1 3 237 238 439 438 
1 3 238 239 440 439 
1 3 239 240 441 440 
1 3 240 241 442 441 
1 3 241 242 443 442 
1 3 242 243 444 443 
1 3 243 244 445 444 
1 3 244 245 446 445 
1 3 245 246 447 446 
1 3 246 247 448 447 
1 3 247 248 449 448 
1 3 248 249 450 449 
1 3 249 250 451 450 
1 3 250 251 452 451 
1 3 251 252 453 452 
1 3 252 253 454 453 
1 3 253 254 455 454 
1 3 254 255 456 455 
1 3 255 256 457 456 
1 3 256 257 458 457 
1 3 257 258 459 458 
1 3 258 259 460 459 
1 3 259 260 461 460 
1 3 260 261 462 461 
1 3 261 262 463 462 
1 3 262 263 464 463 
1 3 263 264 465 464 
1 3 264 265 466 465 
1 3 265 266 467 466 
1 3 266 267 468 467 
1 3 267 268 469 468 
1 3 268 269 470 469 
1 3 269 270 471 470 
1 3 270 271 472 471 
1 3 271 272 473 472 
1 3 272 273 474 473 
1 3 273 274 475 474 
1 3 274 275 476 475 
1 3 275 276 477 476 
1 3 276 277 478 477 
1 3 277 278 479 478 
1 3 278 279 480 479 
1 3 279 280 481 480 
1 3 280 281 482 481 
1 3 281 282 483 482 
1 3 282 283 484 483 
1 3 283 284 485 484 
1 3 284 285 486 485 
1 3 285 286 487 486 
1 3 286 287 488 487 
1 3 287 288 489 488 
1 3 288 289 490 489 
1 3 289 290 491 490 
1 3 290 291 492 491 
1 3 291 292 493 492 
1 3 292 293 494 493 
1 3 293 294 495 494 
1 3 294 295 496 495 
1 3 295 296 497 496 
1 3 296 297 498 497 
1 3 297 298 499 498 
1 3 298 299 500 499 
1 3 299 300 501 500 
1 3 300 301 502 501 
1 3 301 302 503 502 
1 3 302 303 504 503 
1 3 303 304 505 504 
1 3 304 305 506 505 
1 3 305 306 507 506 
1 3 306 307 508 507 
1 3 307 308 509 508 
1 3 308 309 510 509 
1 3 309 310 511 510 
1 3 310 311 512 511 
1 3 311 312 513 512 
1 3 312 313 514 513 
1 3 313 314 515 514 
1 3 314 315 516 515 
1 3 315 316 517 516 
1 3 316 317 518 517 
1 3 317 318 519 518 
1 3 318 319 520 519 
1 3 319 320 521 520 
1 3 320 321 522 521 
1 3 321 322 523 522 
1 3 322 323 524 523 
1 3 323 324 525 524 
1 3 324 325 526 525 
1 3 325 326 527 526 
1 3 326 327 528 527 
1 3 327 328 529 528 
1 3 328 329 530 529 
1 3 329 330 531 530 
1 3 330 331 532 531 
1 3 331 332 533 532 
1 3 332 333 534 533 
1 3 333 334 535 534 
1 3 334 335 536 535 
1 3 335 336 537 536 
1 3 336 337 538 537 
1 3 337 338 539 538 
1 3 338 339 540 539 
1 3 339 340 541 540 
1 3 340 341 542 541 
1 3 341 342 543 542 
1 3 342 343 544 543 
1 3 343 344 545 544 
1 3 344 345 546 545 
1 3 345 346 547 546 
1 3 346 347 548 547 
1 3 347 348 549 548 
1 3 348 349 550 549 
1 3 349 350 551 550 
1 3 350 351 552 551 
1 3 351 352 553 552 
1 3 352 353 554 553 
1 3 353 354 555 554 
1 3 354 355 556 555 
1 3 355 356 557 556 
1 3 356 357 558 557 
1 3 357 358 559 558 
1 3 358 359 560 559 
1 3 359 360 561 560 
1 3 360 361 562 561 
1 3 361 362 563 562 
1 3 362 363 564 563 
1 3 363 364 565 564 
1 3 364 365 566 565 
1 3 365 366 567 566 
1 3 366 367 568 567 
1 3 367 368 569 568 
1 3 368 369 570 569 
1 3 369 370 571 570 
1 3 370 371 572 571 
1 3 371 372 573 572 
1 3 372 373 574 573 
1 3 373 374 575 574 
1 3 374 375 576 575 
1 3 375 376 577 576 
1 3 376 377 578 577 
1 3 377 378 579 578 
1 3 378 379 580 579 
1 3 379 380 581 580 
1 3 380 381 582 581 
1 3 381 382 583 582 
1 3 382 383 584 583 
1 3 383 384 585 584 
1 3 384 385 586 585 
1 3 385 386 587 586 
1 3 386 387 588 587 
1 3 387 388 589 588 
1 3 388 389 590 589 
1 3 389 390 591 590 
1 3 390 391 592 591 
1 3 391 392 593 592 
1 3 392 393 594 593 
1 3 393 394 595 594 
1 3 394 395 596 595 
1 3 395 396 597 596 
1 3 396 397 598 597 
1 3 397 398 599 598 
1 3 398 399 600 599 
1 3 399 400 601 600 
1 3 400 401 602 601 
1 3 402 403 604 603 
1 3 403 404 605 604 
1 3 404 405 606 605 
1 3 405 406 607 606 
1 3 406 407 608 607 
1 3 407 408 609 608 
1 3 408 409 610 609 
1 3 409 410 611 610 
1 3 410 411 612 611 
1 3 411 412 613 612 
1 3 412 413 614 613 
1 3 413 414 615 614 
1 3 414 415 616 615 
1 3 415 416 617 616 
1 3 416 417 618 617 
1 3 417 418 619 618 
1 3 418 419 620 619 
1 3 419 420 621 620 
1 3 420 421 622 621 
1 3 421 422 623 622 
1 3 422 423 624 623 
1 3 423 424 625 624 
1 3 424 425 626 625 
1 3 425 426 627 626 
1 3 426 427 628 627 
1 3 427 428 629 628 
1 3 428 429 630 629 
1 3 429 430 631 630 
1 3 430 431 632 631 
1 3 431 432 633 632 
1 3 432 433 634 633 
1 3 433 434 635 634 
1 3 434 435 636 635 
1 3 435 436 637 636 
1 3 436 437 638 637 
1 3 437 438 639 638 
1 3 438 439 640 639 
1 3 439 440 641 640 
1 3 440 441 642 641 
1 3 441 442 643 642 
1 3 442 443 644 643 
1 3 443 444 645 644 
1 3 444 445 646 645 
1 3 445 446 647 646 
1 3 446 447 648 647 
1 3 447 448 649 648 
1 3 448 449 650 649 
1 3 449 450 651 650 
1 3 450 451 652 651 
1 3 451 452 653 652 
1 3 452 453 654 653 
1 3 453 454 655 654 
1 3 454 455 656 655 
1 3 455 456 657 656 
1 3 456 457 658 657 
1 3 457 458 659 658 
1 3 458 459 660 659 
1 3 459 460 661 660 
1 3 460 461 662 661 
1 3 461 462 663 662 
1 3 462 463 664 663 
1 3 463 464 665 664 
1 3 464 465 666 665 
1 3 465 466 667 666 
1 3 466 467 668 667 
1 3 467 468 669 668 
1 3 468 469 670 669 
1 3 469 470 671 670 
1 3 470 471 672 671 
1 3 471 472 673 672 
1 3 472 473 674 673 
1 3 473 474 675 674 
1 3 474 475 676 675 
1 3 475 476 677 676 
1 3 476 477 678 677 
1 3 477 478 679 678 
1 3 478 479 680 679 
1 3 479 480 681 680 
1 3 480 481 682 681 
1 3 481 482 683 682 
1 3 482 483 684 683 
1 3 483 484 685 684 
1 3 484 485 686 685 
1 3 485 486 687 686 
1 3 486 487 688 687 
1 3 487 488 689 688 
1 3 488 489 690 689 
1 3 489 490 691 690 
1 3 490 491 692 691 
1 3 491 492 693 692 
1 3 492 493 694 693 
1 3 493 494 695 694 
1 3 494 495 696 695 
1 3 495 496 697 696 
1 3 496 497 698 697 
1 3 497 498 699 698 
1 3 498 499 700 699 
1 3 499 500 701 700 
1 3 500 501 702 701 
1 3 501 502 703 702 
1 3 502 503 704 703 
1 3 503 504 705 704 
1 3 504 505 706 705 
1 3 505 506 707 706 
1 3 506 507 708 707 
1 3 507 508 709 708 
1 3 508 509 710 709 
1 3 509 510 711 710 
1 3 510 511 712 711 
1 3 511 512 713 712 
1 3 512 513 714 713 
1 3 513 514 715 714 
1 3 514 515 716 715 
1 3 515 516 717 716 
1 3 516 517 718 717 
1 3 517 518 719 718 
1 3 518 519 720 719 
1 3 519 520 721 720 
1 3 520 521 722 721 
1 3 521 522 723 722 
1 3 522 523 724 723 
1 3 523 524 725 724 
1 3 524 525 726 725 
1 3 525 526 727 726 
1 3 526 527 728 727 
1 3 527 528 729 728 
1 3 528 529 730 729 
1 3 529 530 731 730 
1 3 530 531 732 731 
1 3 531 532 733 732 
1 3 532 533 734 733 
1 3 533 534 735 734 
1 3 534 535 736 735 
1 3 535 536 737 736 
1 3 536 537 738 737 
1 3 537 538 739 738 
1 3 538 539 740 739 
1 3 539 540 741 740 
1 3 540 541 742 741 
1 3 541 542 743 742 
1 3 542 543 744 743 
1 3 543 544 745 744 
1 3 544 545 746 745 
1 3 545 546 747 746 
1 3 546 547 748 747 
1 3 547 548 749 748 
1 3 548 549 750 749 
1 3 549 550 751 750 
1 3 550 551 752 751 
1 3 551 552 753 752 
1 3 552 553 754 753 
1 3 553 554 755 754 
1 3 554 555 756 755 
1 3 555 556 757 756 
1 3 556 557 758 757 
1 3 557 558 759 758 
1 3 558 559 760 759 
1 3 559 560 761 760 
1 3 560 561 762 761 
1 3 561 562 763 762 
1 3 562 563 764 763 
1 3 563 564 765 764 
1 3 564 565 766 765 
1 3 565 566 767 766 
1 3 566 567 768 767 
1 3 567 568 769 768 
1 3 568 569 770 769 
1 3 569 570 771 770 
1 3 570 571 772 771 
1 3 571 572 773 772 
1 3 572 573 774 773 
1 3 573 574 775 774 
1 3 574 575 776 775 
1 3 575 576 777 776 
1 3 576 577 778 777 
1 3 577 578 779 778 
1 3 578 579 780 779 
1 3 579 580 781 780 
1 3 580 581 782 781 
1 3 581 582 783 782 
1 3 582 583 784 783 
1 3 583 584 785 784 
1 3 584 585 786 785 
1 3 585 586 787 786 
1 3 586 587 788 787 
1 3 587 588 789 788 
1 3 588 589 790 789 
1 3 589 590 791 790 
1 3 590 591 792 791 
1 3 591 592 793 792 
1 3 592 593 794 793 
1 3 593 594 795 794 
1 3 594 595 796 795 
1 3 595 596 797 796 
1 3 596 597 798 797 
1 3 597 598 799 798 
1 3 598 599 800 799 
1 3 599 600 801 800 
1 3 600 601 802 801 
1 3 601 602 803 802 
1 3 603 604 805 804 
1 3 604 605 806 805 
1 3 605 606 807 806 
1 3 606 607 808 807 
1 3 607 608 809 808 
1 3 608 609 810 809 
1 3 609 610 811 810 
1 3 610 611 812 811 
1 3 611 612 813 812 
1 3 612 613 814 813 
1 3 613 614 815 814 
1 3 614 615 816 815 
1 3 615 616 817 816 
1 3 616 617 818 817 
1 3 617 618 819 818 
1 3 618 619 820 819 
1 3 619 620 821 820 
1 3 620 621 822 821 
1 3 621 622 823 822 
1 3 622 623 824 823 
1 3 623 624 825 824 
1 3 624 625 826 825 
1 3 625 626 827 826 
1 3 626 627 828 827 
1 3 627 628 829 828 
1 3 628 629 830 829 
1 3 629 630 831 830 
1 3 630 631 832 831 
1 3 631 632 833 832 
1 3 632 633 834 833 
1 3 633 634 835 834 
1 3 634 635 836 835 
1 3 635 636 837 836 
1 3 636 637 838 837 
1 3 637 638 839 838 
1 3 638 639 840 839 
1 3 639 640 841 840 
1 3 640 641 842 841 
1 3 641 642 843 842 
1 3 642 643 844 843 
1 3 643 644 845 844 
1 3 644 645 846 845 
1 3 645 646 847 846 
1 3 646 647 848 847 
1 3 647 648 849 848 
1 3 648 649 850 849 
1 3 649 650 851 850 
1 3 650 651 852 851 
1 3 651 652 853 852 
1 3 652 653 854 853 
1 3 653 654 855 854 
1 3 654 655 856 855 
1 3 655 656 857 856 
1 3 656 657 858 857 
1 3 657 658 859 858 
1 3 658 659 860 859 
1 3 659 660 861 860 
1 3 660 661 862 861 
1 3 661 662 863 862 
1 3 662 663 864 863 
1 3 663 664 865 864 
1 3 664 665 866 865 
1 3 665 666 867 866 
1 3 666 667 868 867 
1 3 667 668 869 868 
1 3 668 669 870 869 
1 3 669 670 871 870 
1 3 670 671 872 871 
1 3 671 672 873 872 
1 3 672 673 874 873 
1 3 673 674 875 874 
1 3 674 675 876 875 
1 3 675 676 877 876 
1 3 676 677 878 877 
1 3 677 678 879 878 
1 3 678 679 880 879 
1 3 679 680 881 880 
1 3 680 681 882 881 
1 3 681 682 883 882 
1 3 682 683 884 883 
1 3 683 684 885 884 
1 3 684 685 886 885 
1 3 685 686 887 886 
1 3 686 687 888 887 
1 3 687 688 889 888 
1 3 688 689 890 889 
1 3 689 690 891 890 
1 3 690 691 892 891 
1 3 691 692 893 892 
1 3 692 693 894 893 
1 3 693 694 895 894 
1 3 694 695 896 895 
1 3 695 696 897 896 
1 3 696 697 898 897 
1 3 697 698 899 898 
1 3 698 699 900 899 
1 3 699 700 901 900 
1 3 700 701 902 901 
1 3 701 702 903 902 
1 3 702 703 904 903 
1 3 703 704 905 904 
1 3 704 705 906 905 
1 3 705 706 907 906 
1 3 706 707 908 907 
1 3 707 708 909 908 
1 3 708 709 910 909 
1 3 709 710 911 910 
1 3 710 711 912 911 
1 3 711 712 913 912 
1 3 712 713 914 913 
1 3 713 714 915 914 
1 3 714 715 916 915 
1 3 715 716 917 916 
1 3 716 717 918 917 
1 3 717 718 919 918 
1 3 718 719 920 919 
1 3 719 720 921 920 
1 3 720 721 922 921 
1 3 721 722 923 922 
1 3 722 723 924 923 
1 3 723 724 925 924 
1 3 724 725 926 925 
1 3 725 726 927 926 
1 3 726 727 928 927 
1 3 727 728 929 928 
1 3 728 729 930 929 
1 3 729 730 931 930 
1 3 730 731 932 931 
1 3 731 732 933 932 
1 3 732 733 934 933 
1 3 733 734 935 934 
1 3 734 735 936 935 
1 3 735 736 937 936 
1 3 736 737 938 937 
1 3 737 738 939 938 
1 3 738 739 940 939 
1 3 739 740 941 940 
1 3 740 741 942 941 
1 3 741 742 943 942 
1 3 742 743 944 943 
1 3 743 744 945 944 
1 3 744 745 946 945 
1 3 745 746 947 946 
1 3 746 747 948 947 
1 3 747 748 949 948 
1 3 748 749 950 949 
1 3 749 750 951 950 
1 3 750 751 952 951 
1 3 751 752 953 952 
1 3 752 753 954 953 
1 3 753 754 955 954 
1 3 754 755 956 955 
1 3 755 756 957 956 
1 3 756 757 958 957 
1 3 757 758 959 958 
1 3 758 759 960 959 
1 3 759 760 961 960 
1 3 760 761 962 961 
1 3 761 762 963 962 
1 3 762 763 964 963 
1 3 763 764 965 964 
1 3 764 765 966 965 
1 3 765 766 967 966 
1 3 766 767 968 967 
1 3 767 768 969 968 
1 3 768 769 970 969 
1 3 769 770 971 970 
1 3 770 771 972 971 
1 3 771 772 973 972 
1 3 772 773 974 973 
1 3 773 774 975 974 
1 3 774 775 976 975 
1 3 775 776 977 976 
1 3 776 777 978 977 
1 3 777 778 979 978 
1 3 778 779 980 979 
1 3 779 780 981 980 
1 3 780 781 982 981 
1 3 781 782 983 982 
1 3 782 783 984 983 
1 3 783 784 985 984 
1 3 784 785 986 985 
1 3 785 786 987 986 
1 3 786 787 988 987 
1 3 787 788 989 988 
1 3 788 789 990 989 
1 3 789 790 991 990 
1 3 790 791 992 991 
1 3 791 792 993 992 
1 3 792 793 994 993 
1 3 793 794 995 994 
1 3 794 795 996 995 
1 3 795 796 997 996 
1 3 796 797 998 997 
1 3 797 798 999 998 
1 3 798 799 1000 999 
1 3 799 800 1001 1000 
1 3 800 801 1002 1001 
1 3 801 802 1003 1002 
1 3 802 803 1004 1003 
1 3 804 805 1006 1005 
1 3 805 806 1007 1006 
1 3 806 807 1008 1007 
1 3 807 808 1009 1008 
1 3 808 809 1010 1009 
1 3 809 810 1011 1010 
1 3 810 811 1012 1011 
1 3 811 812 1013 1012 
1 3 812 813 1014 1013 
1 3 813 814 1015 1014 
1 3 814 815 1016 1015 
1 3 815 816 1017 1016 
1 3 816 817 1018 1017 
1 3 817 818 1019 1018 
1 3 818 819 1020 1019 
1 3 819 820 1021 1020 
1 3 820 821 1022 1021 
1 3 821 822 1023 1022 
1 3 822 823 1024 1023 
1 3 823 824 1025 1024 
1 3 824 825 1026 1025 
1 3 825 826 1027 1026 
1 3 826 827 1028 1027 
1 3 827 828 1029 1028 
1 3 828 829 1030 1029 
1 3 829 830 1031 1030 
1 3 830 831 1032 1031 
1 3 831 832 1033 1032 
1 3 832 833 1034 1033 
1 3 833 834 1035 1034 
1 3 834 835 1036 1035 
1 3 835 836 1037 1036 
1 3 836 837 1038 1037 
1 3 837 838 1039 1038 
1 3 838 839 1040 1039 
1 3 839 840 1041 1040 
1 3 840 841 1042 1041 
1 3 841 842 1043 1042 
1 3 842 843 1044 1043 
1 3 843 844 1045 1044 
1 3 844 845 1046 1045 
1 3 845 846 1047 1046 
1 3 846 847 1048 1047 
1 3 847 848 1049 1048 
1 3 848 849 1050 1049 
1 3 849 850 1051 1050 
1 3 850 851 1052 1051 
1 3 851 852 1053 1052 
1 3 852 853 1054 1053 
1 3 853 854 1055 1054 
1 3 854 855 1056 1055 
1 3 855 856 1057 1056 
1 3 856 857 1058 1057 
1 3 857 858 1059 1058 
1 3 858 859 1060 1059 
1 3 859 860 1061 1060 
1 3 860 861 1062 1061 
1 3 861 862 1063 1062 
1 3 862 863 1064 1063 
1 3 863 864 1065 1064 
1 3 864 865 1066 1065 
1 3 865 866 1067 1066 
1 3 866 867 1068 1067 
1 3 867 868 1069 1068 
1 3 868 869 1070 1069 
1 3 869 870 1071 1070 
1 3 870 871 1072 1071 
1 3 871 872 1073 1072 
1 3 872 873 1074 1073 
1 3 873 874 1075 1074 
1 3 874 875 1076 1075 
1 3 875 876 1077 1076 
1 3 876 877 1078 1077 
1 3 877 878 1079 1078 
1 3 878 879 1080 1079 
1 3 879 880 1081 1080 
1 3 880 881 1082 1081 
1 3 881 882 1083 1082 
1 3 882 883 1084 1083 
1 3 883 884 1085 1084 
1 3 884 885 1086 1085 
1 3 885 886 1087 1086 
1 3 886 887 1088 1087 
1 3 887 888 1089 1088 
1 3 888 889 1090 1089 
1 3 889 890 1091 1090 
1 3 890 891 1092 1091 
1 3 891 892 1093 1092 
1 3 892 893 1094 1093 
1 3 893 894 1095 1094 
1 3 894 895 1096 1095 
1 3 895 896 1097 1096 
1 3 896 897 1098 1097 
1 3 897 898 1099 1098 
1 3 898 899 1100 1099 
1 3 899 900 1101 1100 
1 3 900 901 1102 1101 
1 3 901 902 1103 1102 
1 3 902 903 1104 1103 
1 3 903 904 1105 1104 
1 3 904 905 1106 1105 
1 3 905 906 1107 1106 
1 3 906 907 1108 1107 
1 3 907 908 1109 1108 
1 3 908 909 1110 1109 
1 3 909 910 1111 1110 
1 3 910 911 1112 1111 
1 3 911 912 1113 1112 
1 3 912 913 1114 1113 
1 3 913 914 1115 1114 
1 3 914 915 1116 1115 
1 3 915 916 1117 1116 
1 3 916 917 1118 1117 
1 3 917 918 1119 1118 
1 3 918 919 1120 1119 
1 3 919 920 1121 1120 
1 3 920 921 1122 1121 
1 3 921 922 1123 1122 
1 3 922 923 1124 1123 
1 3 923 924 1125 1124 
1 3 924 925 1126 1125 
1 3 925 926 1127 1126 
1 3 926 927 1128 1127 
1 3 927 928 1129 1128 
1 3 928 929 1130 1129 
1 3 929 930 1131 1130 
1 3 930 931 1132 1131 
1 3 931 932 1133 1132 
1 3 932 933 1134 1133 
1 3 933 934 1135 1134 
1 3 934 935 1136 1135 
1 3 935 936 1137 1136 
1 3 936 937 1138 1137 
1 3 937 938 1139 1138 
1 3 938 939 1140 1139 
1 3 939 940 1141 1140 
1 3 940 941 1142 1141 
1 3 941 942 1143 1142 
1 3 942 943 1144 1143 
1 3 943 944 1145 1144 
1 3 944 945 1146 1145 
1 3 945 946 1147 1146 
1 3 946 947 1148 1147 
1 3 947 948 1149 1148 
1 3 948 949 1150 1149 
1 3 949 950 1151 1150 
1 3 950 951 1152 1151 
1 3 951 952 1153 1152 
1 3 952 953 1154 1153 
1 3 953 954 1155 1154 
1 3 954 955 1156 1155 
1 3 955 956 1157 1156 
1 3 956 957 1158 1157 
1 3 957 958 1159 1158 
1 3 958 959 1160 1159 
1 3 959 960 1161 1160 
1 3 960 961 1162 1161 
1 3 961 962 1163 1162 
1 3 962 963 1164 1163 
1 3 963 964 1165 1164 
1 3 964 965 1166 1165 
1 3 965 966 1167 1166 
1 3 966 967 1168 1167 
1 3 967 968 1169 1168 
1 3 968 969 1170 1169 
1 3 969 970 1171 1170 
1 3 970 971 1172 1171 
1 3 971 972 1173 1172 
1 3 972 973 1174 1173 
1 3 973 974 1175 1174 
1 3 974 975 1176 1175 
1 3 975 976 1177 1176 
1 3 976 977 1178 1177 
1 3 977 978 1179 1178 
1 3 978 979 1180 1179 
1 3 979 980 1181 1180 
1 3 980 981 1182 1181 
1 3 981 982 1183 1182 
1 3 982 983 1184 1183 
1 3 983 984 1185 1184 
1 3 984 985 1186 1185 
1 3 985 986 1187 1186 
1 3 986 987 1188 1187 
1 3 987 988 1189 1188 
1 3 988 989 1190 1189 
1 3 989 990 1191 1190 
1 3 990 991 1192 1191 
1 3 991 992 1193 1192 
1 3 992 993 1194 1193 
1 3 993 994 1195 1194 
1 3 994 995 1196 1195 
1 3 995 996 1197 1196 
1 3 996 997 1198 1197 
1 3 997 998 1199 1198 
1 3 998 999 1200 1199 
1 3 999 1000 1201 1200 
1 3 1000 1001 1202 1201 
1 3 1001 1002 1203 1202 
1 3 1002 1003 1204 1203 
1 3 1003 1004 1205 1204 
1 3 1005 1006 1207 1206 
1 3 1006 1007 1208 1207 
1 3 1007 1008 1209 1208 
1 3 1008 1009 1210 1209 
1 3 1009 1010 1211 1210 
1 3 1010 1011 1212 1211 
1 3 1011 1012 1213 1212 
1 3 1012 1013 1214 1213 
1 3 1013 1014 1215 1214 
1 3 1014 1015 1216 1215 
1 3 1015 1016 1217 1216 
1 3 1016 1017 1218 1217 
1 3 1017 1018 1219 1218 
1 3 1018 1019 1220 1219 
1 3 1019 1020 1221 1220 
1 3 1020 1021 1222 1221 
1 3 1021 1022 1223 1222 
1 3 1022 1023 1224 1223 
1 3 1023 1024 1225 1224 
1 3 1024 1025 1226 1225 
1 3 1025 1026 1227 1226 
1 3 1026 1027 1228 1227 
1 3 1027 1028 1229 1228 
1 3 1028 1029 1230 1229 
1 3 1029 1030 1231 1230 
1 3 1030 1031 1232 1231 
1 3 1031 1032 1233 1232 
1 3 1032 1033 1234 1233 
1 3 1033 1034 1235 1234 
1 3 1034 1035 1236 1235 
1 3 1035 1036 1237 1236 
1 3 1036 1037 1238 1237 
1 3 1037 1038 1239 1238 
1 3 1038 1039 1240 1239 
1 3 1039 1040 1241 1240 
1 3 1040 1041 1242 1241 
1 3 1041 1042 1243 1242 
1 3 1042 1043 1244 1243 
1 3 1043 1044 1245 1244 
1 3 1044 1045 1246 1245 
1 3 1045 1046 1247 1246 
1 3 1046 1047 1248 1247 
1 3 1047 1048 1249 1248 
1 3 1048 1049 1250 1249 
1 3 1049 1050 1251 1250 
1 3 1050 1051 1252 1251 
1 3 1051 1052 1253 1252 
1 3 1052 1053 1254 1253 
1 3 1053 1054 1255 1254 
1 3 1054 1055 1256 1255 
1 3 1055 1056 1257 1256 
1 3 1056 1057 1258 1257 
1 3 1057 1058 1259 1258 
1 3 1058 1059 1260 1259 
1 3 1059 1060 1261 1260 
1 3 1060 1061 1262 1261 
1 3 1061 1062 1263 1262 
1 3 1062 1063 1264 1263 
1 3 1063 1064 1265 1264 
1 3 1064 1065 1266 1265 
1 3 1065 1066 1267 1266 
1 3 1066 1067 1268 1267 
1 3 1067 1068 1269 1268 
1 3 1068 1069 1270 1269 
1 3 1069 1070 1271 1270 
1 3 1070 1071 1272 1271 
1 3 1071 1072 1273 1272 
1 3 1072 1073 1274 1273 
1 3 1073 1074 1275 1274 
1 3 1074 1075 1276 1275 
1 3 1075 1076 1277 1276 
1 3 1076 1077 1278 1277 
1 3 1077 1078 1279 1278 
1 3 1078 1079 1280 1279 
1 3 1079 1080 1281 1280 
1 3 1080 1081 1282 1281 
1 3 1081 1082 1283 1282 
1 3 1082 1083 1284 1283 
1 3 1083 1084 1285 1284 
1 3 1084 1085 1286 1285 
1 3 1085 1086 1287 1286 
1 3 1086 1087 1288 1287 
1 3 1087 1088 1289 1288 
1 3 1088 1089 1290 1289 
1 3 1089 1090 1291 1290 
1 3 1090 1091 1292 1291 
1 3 1091 1092 1293 1292 
1 3 1092 1093 1294 1293 
1 3 1093 1094 1295 1294 
1 3 1094 1095 1296 1295 
1 3 1095 1096 1297 1296 
1 3 1096 1097 1298 1297 
1 3 1097 1098 1299 1298 
1 3 1098 1099 1300 1299 
1 3 1099 1100 1301 1300 
1 3 1100 1101 1302 1301 
1 3 1101 1102 1303 1302 
1 3 1102 1103 1304 1303 
1 3 1103 1104 1305 1304 
1 3 1104 1105 1306 1305 
1 3 1105 1106 1307 1306 
1 3 1106 1107 1308 1307 
1 3 1107 1108 1309 1308 
1 3 1108 1109 1310 1309 
1 3 1109 1110 1311 1310 
1 3 1110 1111 1312 1311 
1 3 1111 1112 1313 1312 
1 3 1112 1113 1314 1313 
1 3 1113 1114 1315 1314 
1 3 1114 1115 1316 1315 
1 3 1115 1116 1317 1316 
1 3 1116 1117 1318 1317 
1 3 1117 1118 1319 1318 
1 3 1118 1119 1320 1319 
1 3 1119 1120 1321 1320 
1 3 1120 1121 1322 1321 
1 3 1121 1122 1323 1322 
1 3 1122 1123 1324 1323 
1 3 1123 1124 1325 1324 
1 3 1124 1125 1326 1325 
1 3 1125 1126 1327 1326 
1 3 1126 1127 1328 1327 
1 3 1127 1128 1329 1328 
1 3 1128 1129 1330 1329 
1 3 1129 1130 1331 1330 
1 3 1130 1131 1332 1331 
1 3 1131 1132 1333 1332 
1 3 1132 1133 1334 1333 
1 3 1133 1134 1335 1334 
1 3 1134 1135 1336 1335 
1 3 1135 1136 1337 1336 
1 3 1136 1137 1338 1337 
1 3 1137 1138 1339 1338 
1 3 1138 1139 1340 1339 
1 3 1139 1140 1341 1340 
1 3 1140 1141 1342 1341 
1 3 1141 1142 1343 1342 
1 3 1142 1143 1344 1343 
1 3 1143 1144 1345 1344 
1 3 1144 1145 1346 1345 
1 3 1145 1146 1347 1346 
1 3 1146 1147 1348 1347 
1 3 1147 1148 1349 1348 
1 3 1148 1149 1350 1349 
1 3 1149 1150 1351 1350 
1 3 1150 1151 1352 1351 
1 3 1151 1152 1353 1352 
1 3 1152 1153 1354 1353 
1 3 1153 1154 1355 1354 
1 3 1154 1155 1356 1355 
1 3 1155 1156 1357 1356 
1 3 1156 1157 1358 1357 
1 3 1157 1158 1359 1358 
1 3 1158 1159 1360 1359 
1 3 1159 1160 1361 1360 
1 3 1160 1161 1362 1361 
1 3 1161 1162 1363 1362 
1 3 1162 1163 1364 1363 
1 3 1163 1164 1365 1364 
1 3 1164 1165 1366 1365 
1 3 1165 1166 1367 1366 
1 3 1166 1167 1368 1367 
1 3 1167 1168 1369 1368 
1 3 1168 1169 1370 1369 
1 3 1169 1170 1371 1370 
1 3 1170 1171 1372 1371 
1 3 1171 1172 1373 1372 
1 3 1172 1173 1374 1373 
1 3 1173 1174 1375 1374 
1 3 1174 1175 1376 1375 
1 3 1175 1176 1377 1376 
1 3 1176 1177 1378 1377 
1 3 1177 1178 1379 1378 
1 3 1178 1179 1380 1379 
1 3 1179 1180 1381 1380 
1 3 1180 1181 1382 1381 
1 3 1181 1182 1383 1382 
1 3 1182 1183 1384 1383 
1 3 1183 1184 1385 1384 
1 3 1184 1185 1386 1385 
1 3 1185 1186 1387 1386 
1 3 1186 1187 1388 1387 
1 3 1187 1188 1389 1388 
1 3 1188 1189 1390 1389 
1 3 1189 1190 1391 1390 
1 3 1190 1191 1392 1391 
1 3 1191 1192 1393 1392 
1 3 1192 1193 1394 1393 
1 3 1193 1194 1395 1394 
1 3 1194 1195 1396 1395 
1 3 1195 1196 1397 1396 
1 3 1196 1197 1398 1397 
1 3 1197 1198 1399 1398 
1 3 1198 1199 1400 1399 
1 3 1199 1200 1401 1400 
1 3 1200 1201 1402 1401 
1 3 1201 1202 1403 1402 
1 3 1202 1203 1404 1403 
1 3 1203 1204 1405 1404 
1 3 1204 1205 1406 1405 
1 3 1206 1207 1408 1407 
1 3 1207 1208 1409 1408 
1 3 1208 1209 1410 1409 
1 3 1209 1210 1411 1410 
1 3 1210 1211 1412 1411 
1 3 1211 1212 1413 1412 
1 3 1212 1213 1414 1413 
1 3 1213 1214 1415 1414 
1 3 1214 1215 1416 1415 
1 3 1215 1216 1417 1416 
1 3 1216 1217 1418 1417 
1 3 1217 1218 1419 1418 
1 3 1218 1219 1420 1419 
1 3 1219 1220 1421 1420 
1 3 1220 1221 1422 1421 
1 3 1221 1222 1423 1422 
1 3 1222 1223 1424 1423 
1 3 1223 1224 1425 1424 
1 3 1224 1225 1426 1425 
1 3 1225 1226 1427 1426 
1 3 1226 1227 1428 1427 
1 3 1227 1228 1429 1428 
1 3 1228 1229 1430 1429 
1 3 1229 1230 1431 1430 
1 3 1230 1231 1432 1431 
1 3 1231 1232 1433 1432 
1 3 1232 1233 1434 1433 
1 3 1233 1234 1435 1434 
1 3 1234 1235 1436 1435 
1 3 1235 1236 1437 1436 
1 3 1236 1237 1438 1437 
1 3 1237 1238 1439 1438 
1 3 1238 1239 1440 1439 
1 3 1239 1240 1441 1440 
1 3 1240 1241 1442 1441 
1 3 1241 1242 1443 1442 
1 3 1242 1243 1444 1443 
1 3 1243 1244 1445 1444 
1 3 1244 1245 1446 1445 
1 3 1245 1246 1447 1446 
1 3 1246 1247 1448 1447 
1 3 1247 1248 1449 1448 
1 3 1248 1249 1450 1449 
1 3 1249 1250 1451 1450 
1 3 1250 1251 1452 1451 
1 3 1251 1252 1453 1452 
1 3 1252 1253 1454 1453 
1 3 1253 1254 1455 1454 
1 3 1254 1255 1456 1455 
1 3 1255 1256 1457 1456 
1 3 1256 1257 1458 1457 
1 3 1257 1258 1459 1458 
1 3 1258 1259 1460 1459 
1 3 1259 1260 1461 1460 
1 3 1260 1261 1462 1461 
1 3 1261 1262 1463 1462 
1 3 1262 1263 1464 1463 
1 3 1263 1264 1465 1464 
1 3 1264 1265 1466 1465 
1 3 1265 1266 1467 1466 
1 3 1266 1267 1468 1467 
1 3 1267 1268 1469 1468 
1 3 1268 1269 1470 1469 
1 3 1269 1270 1471 1470 
1 3 1270 1271 1472 1471 
1 3 1271 1272 1473 1472 
1 3 1272 1273 1474 1473 
1 3 1273 1274 1475 1474 
1 3 1274 1275 1476 1475 
1 3 1275 1276 1477 1476 
1 3 1276 1277 1478 1477 
1 3 1277 1278 1479 1478 
1 3 1278 1279 1480 1479 
1 3 1279 1280 1481 1480 
1 3 1280 1281 1482 1481 
1 3 1281 1282 1483 1482 
1 3 1282 1283 1484 1483 
1 3 1283 1284 1485 1484 
1 3 1284 1285 1486 1485 
1 3 1285 1286 1487 1486 
1 3 1286 1287 1488 1487 
1 3 1287 1288 1489 1488 
1 3 1288 1289 1490 1489 
1 3 1289 1290 1491 1490 
1 3 1290 1291 1492 1491 
1 3 1291 1292 1493 1492 
1 3 1292 1293 1494 1493 
1 3 1293 1294 1495 1494 
1 3 1294 1295 1496 1495 
1 3 1295 1296 1497 1496 
1 3 1296 1297 1498 1497 
1 3 1297 1298 1499 1498 
1 3 1298 1299 1500 1499 
1 3 1299 1300 1501 1500 
1 3 1300 1301 1502 1501 
1 3 1301 1302 1503 1502 
1 3 1302 1303 1504 1503 
1 3 1303 1304 1505 1504 
1 3 1304 1305 1506 1505 
1 3 1305 1306 1507 1506 
1 3 1306 1307 1508 1507 
1 3 1307 1308 1509 1508 
1 3 1308 1309 1510 1509 
1 3 1309 1310 1511 1510 
1 3 1310 1311 1512 1511 
1 3 1311 1312 1513 1512 
1 3 1312 1313 1514 1513 
1 3 1313 1314 1515 1514 
1 3 1314 1315 1516 1515 
1 3 1315 1316 1517 1516 
1 3 1316 1317 1518 1517 
1 3 1317 1318 1519 1518 
1 3 1318 1319 1520 1519 
1 3 1319 1320 1521 1520 
1 3 1320 1321 1522 1521 
1 3 1321 1322 1523 1522 
1 3 1322 1323 1524 1523 
1 3 1323 1324 1525 1524 
1 3 1324 1325 1526 1525 
1 3 1325 1326 1527 1526 
1 3 1326 1327 1528 1527 
1 3 1327 1328 1529 1528 
1 3 1328 1329 1530 1529 
1 3 1329 1330 1531 1530 
1 3 1330 1331 1532 1531 
1 3 1331 1332 1533 1532 
1 3 1332 1333 1534 1533 
1 3 1333 1334 1535 1534 
1 3 1334 1335 1536 1535 
1 3 1335 1336 1537 1536 
1 3 1336 1337 1538 1537 
1 3 1337 1338 1539 1538 
1 3 1338 1339 1540 1539 
1 3 1339 1340 1541 1540 
1 3 1340 1341 1542 1541 
1 3 1341 1342 1543 1542 
1 3 1342 1343 1544 1543 
1 3 1343 1344 1545 1544 
1 3 1344 1345 1546 1545 
1 3 1345 1346 1547 1546 
1 3 1346 1347 1548 1547 
1 3 1347 1348 1549 1548 
1 3 1348 1349 1550 1549 
1 3 1349 1350 1551 1550 
1 3 1350 1351 1552 1551 
1 3 1351 1352 1553 1552 
1 3 1352 1353 1554 1553 
1 3 1353 1354 1555 1554 
1 3 1354 1355 1556 1555 
1 3 1355 1356 1557 1556 
1 3 1356 1357 1558 1557 
1 3 1357 1358 1559 1558 
1 3 1358 1359 1560 1559 
1 3 1359 1360 1561 1560 
1 3 1360 1361 1562 1561 
1 3 1361 1362 1563 1562 
1 3 1362 1363 1564 1563 
1 3 1363 1364 1565 1564 
1 3 1364 1365 1566 1565 
1 3 1365 1366 1567 1566 
1 3 1366 1367 1568 1567 
1 3 1367 1368 1569 1568 
1 3 1368 1369 1570 1569 
1 3 1369 1370 1571 1570 
1 3 1370 1371 1572 1571 
1 3 1371 1372 1573 1572 
1 3 1372 1373 1574 1573 
1 3 1373 1374 1575 1574 
1 3 1374 1375 1576 1575 
1 3 1375 1376 1577 1576 
1 3 1376 1377 1578 1577 
1 3 1377 1378 1579 1578 
1 3 1378 1379 1580 1579 
1 3 1379 1380 1581 1580 
1 3 1380 1381 1582 1581 
1 3 1381 1382 1583 1582 
1 3 1382 1383 1584 1583 
1 3 1383 1384 1585 1584 
1 3 1384 1385 1586 1585 
1 3 1385 1386 1587 1586 
1 3 1386 1387 1588 1587 
1 3 1387 1388 1589 1588 
1 3 1388 1389 1590 1589 
1 3 1389 1390 1591 1590 
1 3 1390 1391 1592 1591 
1 3 1391 1392 1593 1592 
1 3 1392 1393 1594 1593 
1 3 1393 1394 1595 1594 
1 3 1394 1395 1596 1595 
1 3 1395 1396 1597 1596 
1 3 1396 1397 1598 1597 
1 3 1397 1398 1599 1598 
1 3 1398 1399 1600 1599 
1 3 1399 1400 1601 1600 
1 3 1400 1401 1602 1601 
1 3 1401 1402 1603 1602 
1 3 1402 1403 1604 1603 
1 3 1403 1404 1605 1604 
1 3 1404 1405 1606 1605 
1 3 1405 1406 1607 1606 
1 3 1407 1408 1609 1608 
1 3 1408 1409 1610 1609 
1 3 1409 1410 1611 1610 
1 3 1410 1411 1612 1611 
1 3 1411 1412 1613 1612 
1 3 1412 1413 1614 1613 
1 3 1413 1414 1615 1614 
1 3 1414 1415 1616 1615 
1 3 1415 1416 1617 1616 
1 3 1416 1417 1618 1617 
1 3 1417 1418 1619 1618 
1 3 1418 1419 1620 1619 
1 3 1419 1420 1621 1620 
1 3 1420 1421 1622 1621 
1 3 1421 1422 1623 1622 
1 3 1422 1423 1624 1623 
1 3 1423 1424 1625 1624 
1 3 1424 1425 1626 1625 
1 3 1425 1426 1627 1626 
1 3 1426 1427 1628 1627 
1 3 1427 1428 1629 1628 
1 3 1428 1429 1630 1629 
1 3 1429 1430 1631 1630 
1 3 1430 1431 1632 1631 
1 3 1431 1432 1633 1632 
1 3 1432 1433 1634 1633 
1 3 1433 1434 1635 1634 
1 3 1434 1435 1636 1635 
1 3 1435 1436 1637 1636 
1 3 1436 1437 1638 1637 
1 3 1437 1438 1639 1638 
1 3 1438 1439 1640 1639 
1 3 1439 1440 1641 1640 
1 3 1440 1441 1642 1641 
1 3 1441 1442 1643 1642 
1 3 1442 1443 1644 1643 
1 3 1443 1444 1645 1644 
1 3 1444 1445 1646 1645 
1 3 1445 1446 1647 1646 
1 3 1446 1447 1648 1647 
1 3 1447 1448 1649 1648 
1 3 1448 1449 1650 1649 
1 3 1449 1450 1651 1650 
1 3 1450 1451 1652 1651 
1 3 1451 1452 1653 1652 
1 3 1452 1453 1654 1653 
1 3 1453 1454 1655 1654 
1 3 1454 1455 1656 1655 
1 3 1455 1456 1657 1656 
1 3 1456 1457 1658 1657 
1 3 1457 1458 1659 1658 
1 3 1458 1459 1660 1659 
1 3 1459 1460 1661 1660 
1 3 1460 1461 1662 1661 
1 3 1461 1462 1663 1662 
1 3 1462 1463 1664 1663 
1 3 1463 1464 1665 1664 
1 3 1464 1465 1666 1665 
1 3 1465 1466 1667 1666 
1 3 1466 1467 1668 1667 
1 3 1467 1468 1669 1668 
1 3 1468 1469 1670 1669 
1 3 1469 1470 1671 1670 
1 3 1470 1471 1672 1671 
1 3 1471 1472 1673 1672 
1 3 1472 1473 1674 1673 
1 3 1473 1474 1675 1674 
1 3 1474 1475 1676 1675 
1 3 1475 1476 1677 1676 
1 3 1476 1477 1678 1677 
1 3 1477 1478 1679 1678 
1 3 1478 1479 1680 1679 
1 3 1479 1480 1681 1680 
1 3 1480 1481 1682 1681 
1 3 1481 1482 1683 1682 
1 3 1482 1483 1684 1683 
1 3 1483 1484 1685 1684 
1 3 1484 1485 1686 1685 
1 3 1485 1486 1687 1686 
1 3 1486 1487 1688 1687 
1 3 1487 1488 1689 1688 
1 3 1488 1489 1690 1689 
1 3 1489 1490 1691 1690 
1 3 1490 1491 1692 1691 
1 3 1491 1492 1693 1692 
1 3 1492 1493 1694 1693 
1 3 1493 1494 1695 1694 
1 3 1494 1495 1696 1695 
1 3 1495 1496 1697 1696 
1 3 1496 1497 1698 1697 
1 3 1497 1498 1699 1698 
1 3 1498 1499 1700 1699 
1 3 1499 1500 1701 1700 
1 3 1500 1501 1702 1701 
1 3 1501 1502 1703 1702 
1 3 1502 1503 1704 1703 
1 3 1503 1504 1705 1704 
1 3 1504 1505 1706 1705 
1 3 1505 1506 1707 1706 
1 3 1506 1507 1708 1707 
1 3 1507 1508 1709 1708 
1 3 1508 1509 1710 1709 
1 3 1509 1510 1711 1710 
1 3 1510 1511 1712 1711 
1 3 1511 1512 1713 1712 
1 3 1512 1513 1714 1713 
1 3 1513 1514 1715 1714 
1 3 1514 1515 1716 1715 
1 3 1515 1516 1717 1716 
1 3 1516 1517 1718 1717 
1 3 1517 1518 1719 1718 
1 3 1518 1519 1720 1719 
1 3 1519 1520 1721 1720 
1 3 1520 1521 1722 1721 
1 3 1521 1522 1723 1722 
1 3 1522 1523 1724 1723 
1 3 1523 1524 1725 1724 
1 3 1524 1525 1726 1725 
1 3 1525 1526 1727 1726 
1 3 1526 1527 1728 1727 
1 3 1527 1528 1729 1728 
1 3 1528 1529 1730 1729 
1 3 1529 1530 1731 1730 
1 3 1530 1531 1732 1731 
1 3 1531 1532 1733 1732 
1 3 1532 1533 1734 1733 
1 3 1533 1534 1735 1734 
1 3 1534 1535 1736 1735 
1 3 1535 1536 1737 1736 
1 3 1536 1537 1738 1737 
1 3 1537 1538 1739 1738 
1 3 1538 1539 1740 1739 
1 3 1539 1540 1741 1740 
1 3 1540 1541 1742 1741 
1 3 1541 1542 1743 1742 
1 3 1542 1543 1744 1743 
1 3 1543 1544 1745 1744 
1 3 1544 1545 1746 1745 
1 3 1545 1546 1747 1746 
1 3 1546 1547 1748 1747 
1 3 1547 1548 1749 1748 
1 3 1548 1549 1750 1749 
1 3 1549 1550 1751 1750 
1 3 1550 1551 1752 1751 
1 3 1551 1552 1753 1752 
1 3 1552 1553 1754 1753 
1 3 1553 1554 1755 1754 
1 3 1554 1555 1756 1755 
1 3 1555 1556 1757 1756 
1 3 1556 1557 1758 1757 
1 3 1557 1558 1759 1758 
1 3 1558 1559 1760 1759 
1 3 1559 1560 1761 1760 
1 3 1560 1561 1762 1761 
1 3 1561 1562 1763 1762 
1 3 1562 1563 1764 1763 
1 3 1563 1564 1765 1764 
1 3 1564 1565 1766 1765 
1 3 1565 1566 1767 1766 
1 3 1566 1567 1768 1767 
1 3 1567 1568 1769 1768 
1 3 1568 1569 1770 1769 
1 3 1569 1570 1771 1770 
1 3 1570 1571 1772 1771 
1 3 1571 1572 1773 1772 
1 3 1572 1573 1774 1773 
1 3 1573 1574 1775 1774 
1 3 1574 1575 1776 1775 
1 3 1575 1576 1777 1776 
1 3 1576 1577 1778 1777 
1 3 1577 1578 1779 1778 
1 3 1578 1579 1780 1779 
1 3 1579 1580 1781 1780 
1 3 1580 1581 1782 1781 
1 3 1581 1582 1783 1782 
1 3 1582 1583 1784 1783 
1 3 1583 1584 1785 1784 
1 3 1584 1585 1786 1785 
1 3 1585 1586 1787 1786 
1 3 1586 1587 1788 1787 
1 3 1587 1588 1789 1788 
1 3 1588 1589 1790 1789 
1 3 1589 1590 1791 1790 
1 3 1590 1591 1792 1791 
1 3 1591 1592 1793 1792 
1 3 1592 1593 1794 1793 
1 3 1593 1594 1795 1794 
1 3 1594 1595 1796 1795 
1 3 1595 1596 1797 1796 
1 3 1596 1597 1798 1797 
1 3 1597 1598 1799 1798 
1 3 1598 1599 1800 1799 
1 3 1599 1600 1801 1800 
1 3 1600 1601 1802 1801 
1 3 1601 1602 1803 1802 
1 3 1602 1603 1804 1803 
1 3 1603 1604 1805 1804 
1 3 1604 1605 1806 1805 
1 3 1605 1606 1807 1806 
1 3 1606 1607 1808 1807 
1 3 1608 1609 1810 1809 
1 3 1609 1610 1811 1810 
1 3 1610 1611 1812 1811 
1 3 1611 1612 1813 1812 
1 3 1612 1613 1814 1813 
1 3 1613 1614 1815 1814 
1 3 1614 1615 1816 1815 
1 3 1615 1616 1817 1816 
1 3 1616 1617 1818 1817 
1 3 1617 1618 1819 1818 
1 3 1618 1619 1820 1819 
1 3 1619 1620 1821 1820 
1 3 1620 1621 1822 1821 
1 3 1621 1622 1823 1822 
1 3 1622 1623 1824 1823 
1 3 1623 1624 1825 1824 
1 3 1624 1625 1826 1825 
1 3 1625 1626 1827 1826 
1 3 1626 1627 1828 1827 
1 3 1627 1628 1829 1828 
1 3 1628 1629 1830 1829 
1 3 1629 1630 1831 1830 
1 3 1630 1631 1832 1831 
1 3 1631 1632 1833 1832 
1 3 1632 1633 1834 1833 
1 3 1633 1634 1835 1834 
1 3 1634 1635 1836 1835 
1 3 1635 1636 1837 1836 
1 3 1636 1637 1838 1837 
1 3 1637 1638 1839 1838 
1 3 1638 1639 1840 1839 
1 3 1639 1640 1841 1840 
1 3 1640 1641 1842 1841 
1 3 1641 1642 1843 1842 
1 3 1642 1643 1844 1843 
1 3 1643 1644 1845 1844 
1 3 1644 1645 1846 1845 
1 3 1645 1646 1847 1846 
1 3 1646 1647 1848 1847 
1 3 1647 1648 1849 1848 
1 3 1648 1649 1850 1849 
1 3 1649 1650 1851 1850 
1 3 1650 1651 1852 1851 
1 3 1651 1652 1853 1852 
1 3 1652 1653 1854 1853 
1 3 1653 1654 1855 1854 
1 3 1654 1655 1856 1855 
1 3 1655 1656 1857 1856 
1 3 1656 1657 1858 1857 
1 3 1657 1658 1859 1858 
1 3 1658 1659 1860 1859 
1 3 1659 1660 1861 1860 
1 3 1660 1661 1862 1861 
1 3 1661 1662 1863 1862 
1 3 1662 1663 1864 1863 
1 3 1663 1664 1865 1864 
1 3 1664 1665 1866 1865 
1 3 1665 1666 1867 1866 
1 3 1666 1667 1868 1867 
1 3 1667 1668 1869 1868 
1 3 1668 1669 1870 1869 
1 3 1669 1670 1871 1870 
1 3 1670 1671 1872 1871 
1 3 1671 1672 1873 1872 
1 3 1672 1673 1874 1873 
1 3 1673 1674 1875 1874 
1 3 1674 1675 1876 1875 
1 3 1675 1676 1877 1876 
1 3 1676 1677 1878 1877 
1 3 1677 1678 1879 1878 
1 3 1678 1679 1880 1879 
1 3 1679 1680 1881 1880 
1 3 1680 1681 1882 1881 
1 3 1681 1682 1883 1882 
1 3 1682 1683 1884 1883 
1 3 1683 1684 1885 1884 
1 3 1684 1685 1886 1885 
1 3 1685 1686 1887 1886 
1 3 1686 1687 1888 1887 
1 3 1687 1688 1889 1888 
1 3 1688 1689 1890 1889 
1 3 1689 1690 1891 1890 
1 3 1690 1691 1892 1891 
1 3 1691 1692 1893 1892 
1 3 1692 1693 1894 1893 
1 3 1693 1694 1895 1894 
1 3 1694 1695 1896 1895 
1 3 1695 1696 1897 1896 
1 3 1696 1697 1898 1897 
1 3 1697 1698 1899 1898 
1 3 1698 1699 1900 1899 
1 3 1699 1700 1901 1900 
1 3 1700 1701 1902 1901 
1 3 1701 1702 1903 1902 
1 3 1702 1703 1904 1903 
1 3 1703 1704 1905 1904 
1 3 1704 1705 1906 1905 
1 3 1705 1706 1907 1906 
1 3 1706 1707 1908 1907 
1 3 1707 1708 1909 1908 
1 3 1708 1709 1910 1909 
1 3 1709 1710 1911 1910 
1 3 1710 1711 1912 1911 
1 3 1711 1712 1913 1912 
1 3 1712 1713 1914 1913 
1 3 1713 1714 1915 1914 
1 3 1714 1715 1916 1915 
1 3 1715 1716 1917 1916 
1 3 1716 1717 1918 1917 
1 3 1717 1718 1919 1918 
1 3 1718 1719 1920 1919 
1 3 1719 1720 1921 1920 
1 3 1720 1721 1922 1921 
1 3 1721 1722 1923 1922 
1 3 1722 1723 1924 1923 
1 3 1723 1724 1925 1924 
1 3 1724 1725 1926 1925 
1 3 1725 1726 1927 1926 
1 3 1726 1727 1928 1927 
1 3 1727 1728 1929 1928 
1 3 1728 1729 1930 1929 
1 3 1729 1730 1931 1930 
1 3 1730 1731 1932 1931 
1 3 1731 1732 1933 1932 
1 3 1732 1733 1934 1933 
1 3 1733 1734 1935 1934 
1 3 1734 1735 1936 1935 
1 3 1735 1736 1937 1936 
1 3 1736 1737 1938 1937 
1 3 1737 1738 1939 1938 
1 3 1738 1739 1940 1939 
1 3 1739 1740 1941 1940 
1 3 1740 1741 1942 1941 
1 3 1741 1742 1943 1942 
1 3 1742 1743 1944 1943 
1 3 1743 1744 1945 1944 
1 3 1744 1745 1946 1945 
1 3 1745 1746 1947 1946 
1 3 1746 1747 1948 1947 
1 3 1747 1748 1949 1948 
1 3 1748 1749 1950 1949 
1 3 1749 1750 1951 1950 
1 3 1750 1751 1952 1951 
1 3 1751 1752 1953 1952 
1 3 1752 1753 1954 1953 
1 3 1753 1754 1955 1954 
1 3 1754 1755 1956 1955 
1 3 1755 1756 1957 1956 
1 3 1756 1757 1958 1957 
1 3 1757 1758 1959 1958 
1 3 1758 1759 1960 1959 
1 3 1759 1760 1961 1960 
1 3 1760 1761 1962 1961 
1 3 1761 1762 1963 1962 
1 3 1762 1763 1964 1963 
1 3 1763 1764 1965 1964 
1 3 1764 1765 1966 1965 
1 3 1765 1766 1967 1966 
1 3 1766 1767 1968 1967 
1 3 1767 1768 1969 1968 
1 3 1768 1769 1970 1969 
1 3 1769 1770 1971 1970 
1 3 1770 1771 1972 1971 
1 3 1771 1772 1973 1972 
1 3 1772 1773 1974 1973 
1 3 1773 1774 1975 1974 
1 3 1774 1775 1976 1975 
1 3 1775 1776 1977 1976 
1 3 1776 1777 1978 1977 
1 3 1777 1778 1979 1978 
1 3 1778 1779 1980 1979 
1 3 1779 1780 1981 1980 
1 3 1780 1781 1982 1981 
1 3 1781 1782 1983 1982 
1 3 1782 1783 1984 1983 
1 3 1783 1784 1985 1984 
1 3 1784 1785 1986 1985 
1 3 1785 1786 1987 1986 
1 3 1786 1787 1988 1987 
1 3 1787 1788 1989 1988 
1 3 1788 1789 1990 1989 
1 3 1789 1790 1991 1990 
1 3 1790 1791 1992 1991 
1 3 1791 1792 1993 1992 
1 3 1792 1793 1994 1993 
1 3 1793 1794 1995 1994 
1 3 1794 1795 1996 1995 
1 3 1795 1796 1997 1996 
1 3 1796 1797 1998 1997 
1 3 1797 1798 1999 1998 
1 3 1798 1799 2000 1999 
1 3 1799 1800 2001 2000 
1 3 1800 1801 2002 2001 
1 3 1801 1802 2003 2002 
1 3 1802 1803 2004 2003 
1 3 1803 1804 2005 2004 
1 3 1804 1805 2006 2005 
1 3 1805 1806 2007 2006 
1 3 1806 1807 2008 2007 
1 3 1807 1808 2009 2008 
1 3 1809 1810 2011 2010 
1 3 1810 1811 2012 2011 
1 3 1811 1812 2013 2012 
1 3 1812 1813 2014 2013 
1 3 1813 1814 2015 2014 
1 3 1814 1815 2016 2015 
1 3 1815 1816 2017 2016 
1 3 1816 1817 2018 2017 
1 3 1817 1818 2019 2018 
1 3 1818 1819 2020 2019 
1 3 1819 1820 2021 2020 
1 3 1820 1821 2022 2021 
1 3 1821 1822 2023 2022 
1 3 1822 1823 2024 2023 
1 3 1823 1824 2025 2024 
1 3 1824 1825 2026 2025 
1 3 1825 1826 2027 2026 
1 3 1826 1827 2028 2027 
1 3 1827 1828 2029 2028 
1 3 1828 1829 2030 2029 
1 3 1829 1830 2031 2030 
1 3 1830 1831 2032 2031 
1 3 1831 1832 2033 2032 
1 3 1832 1833 2034 2033 
1 3 1833 1834 2035 2034 
1 3 1834 1835 2036 2035 
1 3 1835 1836 2037 2036 
1 3 1836 1837 2038 2037 
1 3 1837 1838 2039 2038 
1 3 1838 1839 2040 2039 
1 3 1839 1840 2041 2040 
1 3 1840 1841 2042 2041 
1 3 1841 1842 2043 2042 
1 3 1842 1843 2044 2043 
1 3 1843 1844 2045 2044 
1 3 1844 1845 2046 2045 
1 3 1845 1846 2047 2046 
1 3 1846 1847 2048 2047 
1 3 1847 1848 2049 2048 
1 3 1848 1849 2050 2049 
1 3 1849 1850 2051 2050 
1 3 1850 1851 2052 2051 
1 3 1851 1852 2053 2052 
1 3 1852 1853 2054 2053 
1 3 1853 1854 2055 2054 
1 3 1854 1855 2056 2055 
1 3 1855 1856 2057 2056 
1 3 1856 1857 2058 2057 
1 3 1857 1858 2059 2058 
1 3 1858 1859 2060 2059 
1 3 1859 1860 2061 2060 
1 3 1860 1861 2062 2061 
1 3 1861 1862 2063 2062 
1 3 1862 1863 2064 2063 
1 3 1863 1864 2065 2064 
1 3 1864 1865 2066 2065 
1 3 1865 1866 2067 2066 
1 3 1866 1867 2068 2067 
1 3 1867 1868 2069 2068 
1 3 1868 1869 2070 2069 
1 3 1869 1870 2071 2070 
1 3 1870 1871 2072 2071 
1 3 1871 1872 2073 2072 
1 3 1872 1873 2074 2073 
1 3 1873 1874 2075 2074 
1 3 1874 1875 2076 2075 
1 3 1875 1876 2077 2076 
1 3 1876 1877 2078 2077 
1 3 1877 1878 2079 2078 
1 3 1878 1879 2080 2079 
1 3 1879 1880 2081 2080 
1 3 1880 1881 2082 2081 
1 3 1881 1882 2083 2082 
1 3 1882 1883 2084 2083 
1 3 1883 1884 2085 2084 
1 3 1884 1885 2086 2085 
1 3 1885 1886 2087 2086 
1 3 1886 1887 2088 2087 
1 3 1887 1888 2089 2088 
1 3 1888 1889 2090 2089 
1 3 1889 1890 2091 2090 
1 3 1890 1891 2092 2091 
1 3 1891 1892 2093 2092 
1 3 1892 1893 2094 2093 
1 3 1893 1894 2095 2094 
1 3 1894 1895 2096 2095 
1 3 1895 1896 2097 2096 
1 3 1896 1897 2098 2097 
1 3 1897 1898 2099 2098 
1 3 1898 1899 2100 2099 
1 3 1899 1900 2101 2100 
1 3 1900 1901 2102 2101 
1 3 1901 1902 2103 2102 
1 3 1902 1903 2104 2103 
1 3 1903 1904 2105 2104 
1 3 1904 1905 2106 2105 
1 3 1905 1906 2107 2106 
1 3 1906 1907 2108 2107 
1 3 1907 1908 2109 2108 
1 3 1908 1909 2110 2109 
1 3 1909 1910 2111 2110 
1 3 1910 1911 2112 2111 
1 3 1911 1912 2113 2112 
1 3 1912 1913 2114 2113 
1 3 1913 1914 2115 2114 
1 3 1914 1915 2116 2115 
1 3 1915 1916 2117 2116 
1 3 1916 1917 2118 2117 
1 3 1917 1918 2119 2118 
1 3 1918 1919 2120 2119 
1 3 1919 1920 2121 2120 
1 3 1920 1921 2122 2121 
1 3 1921 1922 2123 2122 
1 3 1922 1923 2124 2123 
1 3 1923 1924 2125 2124 
1 3 1924 1925 2126 2125 
1 3 1925 1926 2127 2126 
1 3 1926 1927 2128 2127 
1 3 1927 1928 2129 2128 
1 3 1928 1929 2130 2129 
1 3 1929 1930 2131 2130 
1 3 1930 1931 2132 2131 
1 3 1931 1932 2133 2132 
1 3 1932 1933 2134 2133 
1 3 1933 1934 2135 2134 
1 3 1934 1935 2136 2135 
1 3 1935 1936 2137 2136 
1 3 1936 1937 2138 2137 
1 3 1937 1938 2139 2138 
1 3 1938 1939 2140 2139 
1 3 1939 1940 2141 2140 
1 3 1940 1941 2142 2141 
1 3 1941 1942 2143 2142 
1 3 1942 1943 2144 2143 
1 3 1943 1944 2145 2144 
1 3 1944 1945 2146 2145 
1 3 1945 1946 2147 2146 
1 3 1946 1947 2148 2147 
1 3 1947 1948 2149 2148 
1 3 1948 1949 2150 2149 
1 3 1949 1950 2151 2150 
1 3 1950 1951 2152 2151 
1 3 1951 1952 2153 2152 
1 3 1952 1953 2154 2153 
1 3 1953 1954 2155 2154 
1 3 1954 1955 2156 2155 
1 3 1955 1956 2157 2156 
1 3 1956 1957 2158 2157 
1 3 1957 1958 2159 2158 
1 3 1958 1959 2160 2159 
1 3 1959 1960 2161 2160 
1 3 1960 1961 2162 2161 
1 3 1961 1962 2163 2162 
1 3 1962 1963 2164 2163 
1 3 1963 1964 2165 2164 
1 3 1964 1965 2166 2165 
1 3 1965 1966 2167 2166 
1 3 1966 1967 2168 2167 
1 3 1967 1968 2169 2168 
1 3 1968 1969 2170 2169 
1 3 1969 1970 2171 2170 
1 3 1970 1971 2172 2171 
1 3 1971 1972 2173 2172 
1 3 1972 1973 2174 2173 
1 3 1973 1974 2175 2174 
1 3 1974 1975 2176 2175 
1 3 1975 1976 2177 2176 
1 3 1976 1977 2178 2177 
1 3 1977 1978 2179 2178 
1 3 1978 1979 2180 2179 
1 3 1979 1980 2181 2180 
1 3 1980 1981 2182 2181 
1 3 1981 1982 2183 2182 
1 3 1982 1983 2184 2183 
1 3 1983 1984 2185 2184 
1 3 1984 1985 2186 2185 
1 3 1985 1986 2187 2186 
1 3 1986 1987 2188 2187 
1 3 1987 1988 2189 2188 
1 3 1988 1989 2190 2189 
1 3 1989 1990 2191 2190 
1 3 1990 1991 2192 2191 
1 3 1991 1992 2193 2192 
1 3 1992 1993 2194 2193 
1 3 1993 1994 2195 2194 
1 3 1994 1995 2196 2195 
1 3 1995 1996 2197 2196 
1 3 1996 1997 2198 2197 
1 3 1997 1998 2199 2198 
1 3 1998 1999 2200 2199 
1 3 1999 2000 2201 2200 
1 3 2000 2001 2202 2201 
1 3 2001 2002 2203 2202 
1 3 2002 2003 2204 2203 
1 3 2003 2004 2205 2204 
1 3 2004 2005 2206 2205 
1 3 2005 2006 2207 2206 
1 3 2006 2007 2208 2207 
1 3 2007 2008 2209 2208 
1 3 2008 2009 2210 2209 
1 3 2010 2011 2212 2211 
1 3 2011 2012 2213 2212 
1 3 2012 2013 2214 2213 
1 3 2013 2014 2215 2214 
1 3 2014 2015 2216 2215 
1 3 2015 2016 2217 2216 
1 3 2016 2017 2218 2217 
1 3 2017 2018 2219 2218 
1 3 2018 2019 2220 2219 
1 3 2019 2020 2221 2220 
1 3 2020 2021 2222 2221 
1 3 2021 2022 2223 2222 
1 3 2022 2023 2224 2223 
1 3 2023 2024 2225 2224 
1 3 2024 2025 2226 2225 
1 3 2025 2026 2227 2226 
1 3 2026 2027 2228 2227 
1 3 2027 2028 2229 2228 
1 3 2028 2029 2230 2229 
1 3 2029 2030 2231 2230 
1 3 2030 2031 2232 2231 
1 3 2031 2032 2233 2232 
1 3 2032 2033 2234 2233 
1 3 2033 2034 2235 2234 
1 3 2034 2035 2236 2235 
1 3 2035 2036 2237 2236 
1 3 2036 2037 2238 2237 
1 3 2037 2038 2239 2238 
1 3 2038 2039 2240 2239 
1 3 2039 2040 2241 2240 
1 3 2040 2041 2242 2241 
1 3 2041 2042 2243 2242 
1 3 2042 2043 2244 2243 
1 3 2043 2044 2245 2244 
1 3 2044 2045 2246 2245 
1 3 2045 2046 2247 2246 
1 3 2046 2047 2248 2247 
1 3 2047 2048 2249 2248 
1 3 2048 2049 2250 2249 
1 3 2049 2050 2251 2250 
1 3 2050 2051 2252 2251 
1 3 2051 2052 2253 2252 
1 3 2052 2053 2254 2253 
1 3 2053 2054 2255 2254 
1 3 2054 2055 2256 2255 
1 3 2055 2056 2257 2256 
1 3 2056 2057 2258 2257 
1 3 2057 2058 2259 2258 
1 3 2058 2059 2260 2259 
1 3 2059 2060 2261 2260 
1 3 2060 2061 2262 2261 
1 3 2061 2062 2263 2262 
1 3 2062 2063 2264 2263 
1 3 2063 2064 2265 2264 
1 3 2064 2065 2266 2265 
1 3 2065 2066 2267 2266 
1 3 2066 2067 2268 2267 
1 3 2067 2068 2269 2268 
1 3 2068 2069 2270 2269 
1 3 2069 2070 2271 2270 
1 3 2070 2071 2272 2271 
1 3 2071 2072 2273 2272 
1 3 2072 2073 2274 2273 
1 3 2073 2074 2275 2274 
1 3 2074 2075 2276 2275 
1 3 2075 2076 2277 2276 
1 3 2076 2077 2278 2277 
1 3 2077 2078 2279 2278 
1 3 2078 2079 2280 2279 
1 3 2079 2080 2281 2280 
1 3 2080 2081 2282 2281 
1 3 2081 2082 2283 2282 
1 3 2082 2083 2284 2283 
1 3 2083 2084 2285 2284 
1 3 2084 2085 2286 2285 
1 3 2085 2086 2287 2286 
1 3 2086 2087 2288 2287 
1 3 2087 2088 2289 2288 
1 3 2088 2089 2290 2289 
1 3 2089 2090 2291 2290 
1 3 2090 2091 2292 2291 
1 3 2091 2092 2293 2292 
1 3 2092 2093 2294 2293 
1 3 2093 2094 2295 2294 
1 3 2094 2095 2296 2295 
1 3 2095 2096 2297 2296 
1 3 2096 2097 2298 2297 
1 3 2097 2098 2299 2298 
1 3 2098 2099 2300 2299 
1 3 2099 2100 2301 2300 
1 3 2100 2101 2302 2301 
1 3 2101 2102 2303 2302 
1 3 2102 2103 2304 2303 
1 3 2103 2104 2305 2304 
1 3 2104 2105 2306 2305 
1 3 2105 2106 2307 2306 
1 3 2106 2107 2308 2307 
1 3 2107 2108 2309 2308 
1 3 2108 2109 2310 2309 
1 3 2109 2110 2311 2310 
1 3 2110 2111 2312 2311 
1 3 2111 2112 2313 2312 
1 3 2112 2113 2314 2313 
1 3 2113 2114 2315 2314 
1 3 2114 2115 2316 2315 
1 3 2115 2116 2317 2316 
1 3 2116 2117 2318 2317 
1 3 2117 2118 2319 2318 
1 3 2118 2119 2320 2319 
1 3 2119 2120 2321 2320 
1 3 2120 2121 2322 2321 
1 3 2121 2122 2323 2322 
1 3 2122 2123 2324 2323 
1 3 2123 2124 2325 2324 
1 3 2124 2125 2326 2325 
1 3 2125 2126 2327 2326 
1 3 2126 2127 2328 2327 
1 3 2127 2128 2329 2328 
1 3 2128 2129 2330 2329 
1 3 2129 2130 2331 2330 
1 3 2130 2131 2332 2331 
1 3 2131 2132 2333 2332 
1 3 2132 2133 2334 2333 
1 3 2133 2134 2335 2334 
1 3 2134 2135 2336 2335 
1 3 2135 2136 2337 2336 
1 3 2136 2137 2338 2337 
1 3 2137 2138 2339 2338 
1 3 2138 2139 2340 2339 
1 3 2139 2140 2341 2340 
1 3 2140 2141 2342 2341 
1 3 2141 2142 2343 2342 
1 3 2142 2143 2344 2343 
1 3 2143 2144 2345 2344 
1 3 2144 2145 2346 2345 
1 3 2145 2146 2347 2346 
1 3 2146 2147 2348 2347 
1 3 2147 2148 2349 2348 
1 3 2148 2149 2350 2349 
1 3 2149 2150 2351 2350 
1 3 2150 2151 2352 2351 
1 3 2151 2152 2353 2352 
1 3 2152 2153 2354 2353 
1 3 2153 2154 2355 2354 
1 3 2154 2155 2356 2355 
1 3 2155 2156 2357 2356 
1 3 2156 2157 2358 2357 
1 3 2157 2158 2359 2358 
1 3 2158 2159 2360 2359 
1 3 2159 2160 2361 2360 
1 3 2160 2161 2362 2361 
1 3 2161 2162 2363 2362 
1 3 2162 2163 2364 2363 
1 3 2163 2164 2365 2364 
1 3 2164 2165 2366 2365 
1 3 2165 2166 2367 2366 
1 3 2166 2167 2368 2367 
1 3 2167 2168 2369 2368 
1 3 2168 2169 2370 2369 
1 3 2169 2170 2371 2370 
1 3 2170 2171 2372 2371 
1 3 2171 2172 2373 2372 
1 3 2172 2173 2374 2373 
1 3 2173 2174 2375 2374 
1 3 2174 2175 2376 2375 
1 3 2175 2176 2377 2376 
1 3 2176 2177 2378 2377 
1 3 2177 2178 2379 2378 
1 3 2178 2179 2380 2379 
1 3 2179 2180 2381 2380 
1 3 2180 2181 2382 2381 
1 3 2181 2182 2383 2382 
1 3 2182 2183 2384 2383 
1 3 2183 2184 2385 2384 
1 3 2184 2185 2386 2385 
1 3 2185 2186 2387 2386 
1 3 2186 2187 2388 2387 
1 3 2187 2188 2389 2388 
1 3 2188 2189 2390 2389 
1 3 2189 2190 2391 2390 
1 3 2190 2191 2392 2391 
1 3 2191 2192 2393 2392 
1 3 2192 2193 2394 2393 
1 3 2193 2194 2395 2394 
1 3 2194 2195 2396 2395 
1 3 2195 2196 2397 2396 
1 3 2196 2197 2398 2397 
1 3 2197 2198 2399 2398 
1 3 2198 2199 2400 2399 
1 3 2199 2200 2401 2400 
1 3 2200 2201 2402 2401 
1 3 2201 2202 2403 2402 
1 3 2202 2203 2404 2403 
1 3 2203 2204 2405 2404 
1 3 2204 2205 2406 2405 
1 3 2205 2206 2407 2406 
1 3 2206 2207 2408 2407 
1 3 2207 2208 2409 2408 
1 3 2208 2209 2410 2409 
1 3 2209 2210 2411 2410 
1 3 2211 2212 2413 2412 
1 3 2212 2213 2414 2413 
1 3 2213 2214 2415 2414 
1 3 2214 2215 2416 2415 
1 3 2215 2216 2417 2416 
1 3 2216 2217 2418 2417 
1 3 2217 2218 2419 2418 
1 3 2218 2219 2420 2419 
1 3 2219 2220 2421 2420 
1 3 2220 2221 2422 2421 
1 3 2221 2222 2423 2422 
1 3 2222 2223 2424 2423 
1 3 2223 2224 2425 2424 
1 3 2224 2225 2426 2425 
1 3 2225 2226 2427 2426 
1 3 2226 2227 2428 2427 
1 3 2227 2228 2429 2428 
1 3 2228 2229 2430 2429 
1 3 2229 2230 2431 2430 
1 3 2230 2231 2432 2431 
1 3 2231 2232 2433 2432 
1 3 2232 2233 2434 2433 
1 3 2233 2234 2435 2434 
1 3 2234 2235 2436 2435 
1 3 2235 2236 2437 2436 
1 3 2236 2237 2438 2437 
1 3 2237 2238 2439 2438 
1 3 2238 2239 2440 2439 
1 3 2239 2240 2441 2440 
1 3 2240 2241 2442 2441 
1 3 2241 2242 2443 2442 
1 3 2242 2243 2444 2443 
1 3 2243 2244 2445 2444 
1 3 2244 2245 2446 2445 
1 3 2245 2246 2447 2446 
1 3 2246 2247 2448 2447 
1 3 2247 2248 2449 2448 
1 3 2248 2249 2450 2449 
1 3 2249 2250 2451 2450 
1 3 2250 2251 2452 2451 
1 3 2251 2252 2453 2452 
1 3 2252 2253 2454 2453 
1 3 2253 2254 2455 2454 
1 3 2254 2255 2456 2455 
1 3 2255 2256 2457 2456 
1 3 2256 2257 2458 2457 
1 3 2257 2258 2459 2458 
1 3 2258 2259 2460 2459 
1 3 2259 2260 2461 2460 
1 3 2260 2261 2462 2461 
1 3 2261 2262 2463 2462 
1 3 2262 2263 2464 2463 
1 3 2263 2264 2465 2464 
1 3 2264 2265 2466 2465 
1 3 2265 2266 2467 2466 
1 3 2266 2267 2468 2467 
1 3 2267 2268 2469 2468 
1 3 2268 2269 2470 2469 
1 3 2269 2270 2471 2470 
1 3 2270 2271 2472 2471 
1 3 2271 2272 2473 2472 
1 3 2272 2273 2474 2473 
1 3 2273 2274 2475 2474 
1 3 2274 2275 2476 2475 
1 3 2275 2276 2477 2476 
1 3 2276 2277 2478 2477 
1 3 2277 2278 2479 2478 
1 3 2278 2279 2480 2479 
1 3 2279 2280 2481 2480 
1 3 2280 2281 2482 2481 
1 3 2281 2282 2483 2482 
1 3 2282 2283 2484 2483 
1 3 2283 2284 2485 2484 
1 3 2284 2285 2486 2485 
1 3 2285 2286 2487 2486 
1 3 2286 2287 2488 2487 
1 3 2287 2288 2489 2488 
1 3 2288 2289 2490 2489 
1 3 2289 2290 2491 2490 
1 3 2290 2291 2492 2491 
1 3 2291 2292 2493 2492 
1 3 2292 2293 2494 2493 
1 3 2293 2294 2495 2494 
1 3 2294 2295 2496 2495 
1 3 2295 2296 2497 2496 
1 3 2296 2297 2498 2497 
1 3 2297 2298 2499 2498 
1 3 2298 2299 2500 2499 
1 3 2299 2300 2501 2500 
1 3 2300 2301 2502 2501 
1 3 2301 2302 2503 2502 
1 3 2302 2303 2504 2503 
1 3 2303 2304 2505 2504 
1 3 2304 2305 2506 2505 
1 3 2305 2306 2507 2506 
1 3 2306 2307 2508 2507 
1 3 2307 2308 2509 2508 
1 3 2308 2309 2510 2509 
1 3 2309 2310 2511 2510 
1 3 2310 2311 2512 2511 
1 3 2311 2312 2513 2512 
1 3 2312 2313 2514 2513 
1 3 2313 2314 2515 2514 
1 3 2314 2315 2516 2515 
1 3 2315 2316 2517 2516 
1 3 2316 2317 2518 2517 
1 3 2317 2318 2519 2518 
1 3 2318 2319 2520 2519 
1 3 2319 2320 2521 2520 
1 3 2320 2321 2522 2521 
1 3 2321 2322 2523 2522 
1 3 2322 2323 2524 2523 
1 3 2323 2324 2525 2524 
1 3 2324 2325 2526 2525 
1 3 2325 2326 2527 2526 
1 3 2326 2327 2528 2527 
1 3 2327 2328 2529 2528 
1 3 2328 2329 2530 2529 
1 3 2329 2330 2531 2530 
1 3 2330 2331 2532 2531 
1 3 2331 2332 2533 2532 
1 3 2332 2333 2534 2533 
1 3 2333 2334 2535 2534 
1 3 2334 2335 2536 2535 
1 3 2335 2336 2537 2536 
1 3 2336 2337 2538 2537 
1 3 2337 2338 2539 2538 
1 3 2338 2339 2540 2539 
1 3 2339 2340 2541 2540 
1 3 2340 2341 2542 2541 
1 3 2341 2342 2543 2542 
1 3 2342 2343 2544 2543 
1 3 2343 2344 2545 2544 
1 3 2344 2345 2546 2545 
1 3 2345 2346 2547 2546 
1 3 2346 2347 2548 2547 
1 3 2347 2348 2549 2548 
1 3 2348 2349 2550 2549 
1 3 2349 2350 2551 2550 
1 3 2350 2351 2552 2551 
1 3 2351 2352 2553 2552 
1 3 2352 2353 2554 2553 
1 3 2353 2354 2555 2554 
1 3 2354 2355 2556 2555 
1 3 2355 2356 2557 2556 
1 3 2356 2357 2558 2557 
1 3 2357 2358 2559 2558 
1 3 2358 2359 2560 2559 
1 3 2359 2360 2561 2560 
1 3 2360 2361 2562 2561 
1 3 2361 2362 2563 2562 
1 3 2362 2363 2564 2563 
1 3 2363 2364 2565 2564 
1 3 2364 2365 2566 2565 
1 3 2365 2366 2567 2566 
1 3 2366 2367 2568 2567 
1 3 2367 2368 2569 2568 
1 3 2368 2369 2570 2569 
1 3 2369 2370 2571 2570 
1 3 2370 2371 2572 2571 
1 3 2371 2372 2573 2572 
1 3 2372 2373 2574 2573 
1 3 2373 2374 2575 2574 
1 3 2374 2375 2576 2575 
1 3 2375 2376 2577 2576 
1 3 2376 2377 2578 2577 
1 3 2377 2378 2579 2578 
1 3 2378 2379 2580 2579 
1 3 2379 2380 2581 2580 
1 3 2380 2381 2582 2581 
1 3 2381 2382 2583 2582 
1 3 2382 2383 2584 2583 
1 3 2383 2384 2585 2584 
1 3 2384 2385 2586 2585 
1 3 2385 2386 2587 2586 
1 3 2386 2387 2588 2587 
1 3 2387 2388 2589 2588 
1 3 2388 2389 2590 2589 
1 3 2389 2390 2591 2590 
1 3 2390 2391 2592 2591 
1 3 2391 2392 2593 2592 
1 3 2392 2393 2594 2593 
1 3 2393 2394 2595 2594 
1 3 2394 2395 2596 2595 
1 3 2395 2396 2597 2596 
1 3 2396 2397 2598 2597 
1 3 2397 2398 2599 2598 
1 3 2398 2399 2600 2599 
1 3 2399 2400 2601 2600 
1 3 2400 2401 2602 2601 
1 3 2401 2402 2603 2602 
1 3 2402 2403 2604 2603 
1 3 2403 2404 2605 2604 
1 3 2404 2405 2606 2605 
1 3 2405 2406 2607 2606 
1 3 2406 2407 2608 2607 
1 3 2407 2408 2609 2608 
1 3 2408 2409 2610 2609 
1 3 2409 2410 2611 2610 
1 3 2410 2411 2612 2611 
1 3 2412 2413 2614 2613 
1 3 2413 2414 2615 2614 
1 3 2414 2415 2616 2615 
1 3 2415 2416 2617 2616 
1 3 2416 2417 2618 2617 
1 3 2417 2418 2619 2618 
1 3 2418 2419 2620 2619 
1 3 2419 2420 2621 2620 
1 3 2420 2421 2622 2621 
1 3 2421 2422 2623 2622 
1 3 2422 2423 2624 2623 
1 3 2423 2424 2625 2624 
1 3 2424 2425 2626 2625 
1 3 2425 2426 2627 2626 
1 3 2426 2427 2628 2627 
1 3 2427 2428 2629 2628 
1 3 2428 2429 2630 2629 
1 3 2429 2430 2631 2630 
1 3 2430 2431 2632 2631 
1 3 2431 2432 2633 2632 
1 3 2432 2433 2634 2633 
1 3 2433 2434 2635 2634 
1 3 2434 2435 2636 2635 
1 3 2435 2436 2637 2636 
1 3 2436 2437 2638 2637 
1 3 2437 2438 2639 2638 
1 3 2438 2439 2640 2639 
1 3 2439 2440 2641 2640 
1 3 2440 2441 2642 2641 
1 3 2441 2442 2643 2642 
1 3 2442 2443 2644 2643 
1 3 2443 2444 2645 2644 
1 3 2444 2445 2646 2645 
1 3 2445 2446 2647 2646 
1 3 2446 2447 2648 2647 
1 3 2447 2448 2649 2648 
1 3 2448 2449 2650 2649 
1 3 2449 2450 2651 2650 
1 3 2450 2451 2652 2651 
1 3 2451 2452 2653 2652 
1 3 2452 2453 2654 2653 
1 3 2453 2454 2655 2654 
1 3 2454 2455 2656 2655 
1 3 2455 2456 2657 2656 
1 3 2456 2457 2658 2657 
1 3 2457 2458 2659 2658 
1 3 2458 2459 2660 2659 
1 3 2459 2460 2661 2660 
1 3 2460 2461 2662 2661 
1 3 2461 2462 2663 2662 
1 3 2462 2463 2664 2663 
1 3 2463 2464 2665 2664 
1 3 2464 2465 2666 2665 
1 3 2465 2466 2667 2666 
1 3 2466 2467 2668 2667 
1 3 2467 2468 2669 2668 
1 3 2468 2469 2670 2669 
1 3 2469 2470 2671 2670 
1 3 2470 2471 2672 2671 
1 3 2471 2472 2673 2672 
1 3 2472 2473 2674 2673 
1 3 2473 2474 2675 2674 
1 3 2474 2475 2676 2675 
1 3 2475 2476 2677 2676 
1 3 2476 2477 2678 2677 
1 3 2477 2478 2679 2678 
1 3 2478 2479 2680 2679 
1 3 2479 2480 2681 2680 
1 3 2480 2481 2682 2681 
1 3 2481 2482 2683 2682 
1 3 2482 2483 2684 2683 
1 3 2483 2484 2685 2684 
1 3 2484 2485 2686 2685 
1 3 2485 2486 2687 2686 
1 3 2486 2487 2688 2687 
1 3 2487 2488 2689 2688 
1 3 2488 2489 2690 2689 
1 3 2489 2490 2691 2690 
1 3 2490 2491 2692 2691 
1 3 2491 2492 2693 2692 
1 3 2492 2493 2694 2693 
1 3 2493 2494 2695 2694 
1 3 2494 2495 2696 2695 
1 3 2495 2496 2697 2696 
1 3 2496 2497 2698 2697 
1 3 2497 2498 2699 2698 
1 3 2498 2499 2700 2699 
1 3 2499 2500 2701 2700 
1 3 2500 2501 2702 2701 
1 3 2501 2502 2703 2702 
1 3 2502 2503 2704 2703 
1 3 2503 2504 2705 2704 
1 3 2504 2505 2706 2705 
1 3 2505 2506 2707 2706 
1 3 2506 2507 2708 2707 
1 3 2507 2508 2709 2708 
1 3 2508 2509 2710 2709 
1 3 2509 2510 2711 2710 
1 3 2510 2511 2712 2711 
1 3 2511 2512 2713 2712 
1 3 2512 2513 2714 2713 
1 3 2513 2514 2715 2714 
1 3 2514 2515 2716 2715 
1 3 2515 2516 2717 2716 
1 3 2516 2517 2718 2717 
1 3 2517 2518 2719 2718 
1 3 2518 2519 2720 2719 
1 3 2519 2520 2721 2720 
1 3 2520 2521 2722 2721 
1 3 2521 2522 2723 2722 
1 3 2522 2523 2724 2723 
1 3 2523 2524 2725 2724 
1 3 2524 2525 2726 2725 
1 3 2525 2526 2727 2726 
1 3 2526 2527 2728 2727 
1 3 2527 2528 2729 2728 
1 3 2528 2529 2730 2729 
1 3 2529 2530 2731 2730 
1 3 2530 2531 2732 2731 
1 3 2531 2532 2733 2732 
1 3 2532 2533 2734 2733 
1 3 2533 2534 2735 2734 
1 3 2534 2535 2736 2735 
1 3 2535 2536 2737 2736 
1 3 2536 2537 2738 2737 
1 3 2537 2538 2739 2738 
1 3 2538 2539 2740 2739 
1 3 2539 2540 2741 2740 
1 3 2540 2541 2742 2741 
1 3 2541 2542 2743 2742 
1 3 2542 2543 2744 2743 
1 3 2543 2544 2745 2744 
1 3 2544 2545 2746 2745 
1 3 2545 2546 2747 2746 
1 3 2546 2547 2748 2747 
1 3 2547 2548 2749 2748 
1 3 2548 2549 2750 2749 
1 3 2549 2550 2751 2750 
1 3 2550 2551 2752 2751 
1 3 2551 2552 2753 2752 
1 3 2552 2553 2754 2753 
1 3 2553 2554 2755 2754 
1 3 2554 2555 2756 2755 
1 3 2555 2556 2757 2756 
1 3 2556 2557 2758 2757 
1 3 2557 2558 2759 2758 
1 3 2558 2559 2760 2759 
1 3 2559 2560 2761 2760 
1 3 2560 2561 2762 2761 
1 3 2561 2562 2763 2762 
1 3 2562 2563 2764 2763 
1 3 2563 2564 2765 2764 
1 3 2564 2565 2766 2765 
1 3 2565 2566 2767 2766 
1 3 2566 2567 2768 2767 
1 3 2567 2568 2769 2768 
1 3 2568 2569 2770 2769 
1 3 2569 2570 2771 2770 
1 3 2570 2571 2772 2771 
1 3 2571 2572 2773 2772 
1 3 2572 2573 2774 2773 
1 3 2573 2574 2775 2774 
1 3 2574 2575 2776 2775 
1 3 2575 2576 2777 2776 
1 3 2576 2577 2778 2777 
1 3 2577 2578 2779 2778 
1 3 2578 2579 2780 2779 
1 3 2579 2580 2781 2780 
1 3 2580 2581 2782 2781 
1 3 2581 2582 2783 2782 
1 3 2582 2583 2784 2783 
1 3 2583 2584 2785 2784 
1 3 2584 2585 2786 2785 
1 3 2585 2586 2787 2786 
1 3 2586 2587 2788 2787 
1 3 2587 2588 2789 2788 
1 3 2588 2589 2790 2789 
1 3 2589 2590 2791 2790 
1 3 2590 2591 2792 2791 
1 3 2591 2592 2793 2792 
1 3 2592 2593 2794 2793 
1 3 2593 2594 2795 2794 
1 3 2594 2595 2796 2795 
1 3 2595 2596 2797 2796 
1 3 2596 2597 2798 2797 
1 3 2597 2598 2799 2798 
1 3 2598 2599 2800 2799 
1 3 2599 2600 2801 2800 
1 3 2600 2601 2802 2801 
1 3 2601 2602 2803 2802 
1 3 2602 2603 2804 2803 
1 3 2603 2604 2805 2804 
1 3 2604 2605 2806 2805 
1 3 2605 2606 2807 2806 
1 3 2606 2607 2808 2807 
1 3 2607 2608 2809 2808 
1 3 2608 2609 2810 2809 
1 3 2609 2610 2811 2810 
1 3 2610 2611 2812 2811 
1 3 2611 2612 2813 2812 
1 3 2613 2614 2815 2814 
1 3 2614 2615 2816 2815 
1 3 2615 2616 2817 2816 
1 3 2616 2617 2818 2817 
1 3 2617 2618 2819 2818 
1 3 2618 2619 2820 2819 
1 3 2619 2620 2821 2820 
1 3 2620 2621 2822 2821 
1 3 2621 2622 2823 2822 
1 3 2622 2623 2824 2823 
1 3 2623 2624 2825 2824 
1 3 2624 2625 2826 2825 
1 3 2625 2626 2827 2826 
1 3 2626 2627 2828 2827 
1 3 2627 2628 2829 2828 
1 3 2628 2629 2830 2829 
1 3 2629 2630 2831 2830 
1 3 2630 2631 2832 2831 
1 3 2631 2632 2833 2832 
1 3 2632 2633 2834 2833 
1 3 2633 2634 2835 2834 
1 3 2634 2635 2836 2835 
1 3 2635 2636 2837 2836 
1 3 2636 2637 2838 2837 
1 3 2637 2638 2839 2838 
1 3 2638 2639 2840 2839 
1 3 2639 2640 2841 2840 
1 3 2640 2641 2842 2841 
1 3 2641 2642 2843 2842 
1 3 2642 2643 2844 2843 
1 3 2643 2644 2845 2844 
1 3 2644 2645 2846 2845 
1 3 2645 2646 2847 2846 
1 3 2646 2647 2848 2847 
1 3 2647 2648 2849 2848 
1 3 2648 2649 2850 2849 
1 3 2649 2650 2851 2850 
1 3 2650 2651 2852 2851 
1 3 2651 2652 2853 2852 
1 3 2652 2653 2854 2853 
1 3 2653 2654 2855 2854 
1 3 2654 2655 2856 2855 
1 3 2655 2656 2857 2856 
1 3 2656 2657 2858 2857 
1 3 2657 2658 2859 2858 
1 3 2658 2659 2860 2859 
1 3 2659 2660 2861 2860 
1 3 2660 2661 2862 2861 
1 3 2661 2662 2863 2862 
1 3 2662 2663 2864 2863 
1 3 2663 2664 2865 2864 
1 3 2664 2665 2866 2865 
1 3 2665 2666 2867 2866 
1 3 2666 2667 2868 2867 
1 3 2667 2668 2869 2868 
1 3 2668 2669 2870 2869 
1 3 2669 2670 2871 2870 
1 3 2670 2671 2872 2871 
1 3 2671 2672 2873 2872 
1 3 2672 2673 2874 2873 
1 3 2673 2674 2875 2874 
1 3 2674 2675 2876 2875 
1 3 2675 2676 2877 2876 
1 3 2676 2677 2878 2877 
1 3 2677 2678 2879 2878 
1 3 2678 2679 2880 2879 
1 3 2679 2680 2881 2880 
1 3 2680 2681 2882 2881 
1 3 2681 2682 2883 2882 
1 3 2682 2683 2884 2883 
1 3 2683 2684 2885 2884 
1 3 2684 2685 2886 2885 
1 3 2685 2686 2887 2886 
1 3 2686 2687 2888 2887 
1 3 2687 2688 2889 2888 
1 3 2688 2689 2890 2889 
1 3 2689 2690 2891 2890 
1 3 2690 2691 2892 2891 
1 3 2691 2692 2893 2892 
1 3 2692 2693 2894 2893 
1 3 2693 2694 2895 2894 
1 3 2694 2695 2896 2895 
1 3 2695 2696 2897 2896 
1 3 2696 2697 2898 2897 
1 3 2697 2698 2899 2898 
1 3 2698 2699 2900 2899 
1 3 2699 2700 2901 2900 
1 3 2700 2701 2902 2901 
1 3 2701 2702 2903 2902 
1 3 2702 2703 2904 2903 
1 3 2703 2704 2905 2904 
1 3 2704 2705 2906 2905 
1 3 2705 2706 2907 2906 
1 3 2706 2707 2908 2907 
1 3 2707 2708 2909 2908 
1 3 2708 2709 2910 2909 
1 3 2709 2710 2911 2910 
1 3 2710 2711 2912 2911 
1 3 2711 2712 2913 2912 
1 3 2712 2713 2914 2913 
1 3 2713 2714 2915 2914 
1 3 2714 2715 2916 2915 
1 3 2715 2716 2917 2916 
1 3 2716 2717 2918 2917 
1 3 2717 2718 2919 2918 
1 3 2718 2719 2920 2919 
1 3 2719 2720 2921 2920 
1 3 2720 2721 2922 2921 
1 3 2721 2722 2923 2922 
1 3 2722 2723 2924 2923 
1 3 2723 2724 2925 2924 
1 3 2724 2725 2926 2925 
1 3 2725 2726 2927 2926 
1 3 2726 2727 2928 2927 
1 3 2727 2728 2929 2928 
1 3 2728 2729 2930 2929 
1 3 2729 2730 2931 2930 
1 3 2730 2731 2932 2931 
1 3 2731 2732 2933 2932 
1 3 2732 2733 2934 2933 
1 3 2733 2734 2935 2934 
1 3 2734 2735 2936 2935 
1 3 2735 2736 2937 2936 
1 3 2736 2737 2938 2937 
1 3 2737 2738 2939 2938 
1 3 2738 2739 2940 2939 
1 3 2739 2740 2941 2940 
1 3 2740 2741 2942 2941 
1 3 2741 2742 2943 2942 
1 3 2742 2743 2944 2943 
1 3 2743 2744 2945 2944 
1 3 2744 2745 2946 2945 
1 3 2745 2746 2947 2946 
1 3 2746 2747 2948 2947 
1 3 2747 2748 2949 2948 
1 3 2748 2749 2950 2949 
1 3 2749 2750 2951 2950 
1 3 2750 2751 2952 2951 
1 3 2751 2752 2953 2952 
1 3 2752 2753 2954 2953 
1 3 2753 2754 2955 2954 
1 3 2754 2755 2956 2955 
1 3 2755 2756 2957 2956 
1 3 2756 2757 2958 2957 
1 3 2757 2758 2959 2958 
1 3 2758 2759 2960 2959 
1 3 2759 2760 2961 2960 
1 3 2760 2761 2962 2961 
1 3 2761 2762 2963 2962 
1 3 2762 2763 2964 2963 
1 3 2763 2764 2965 2964 
1 3 2764 2765 2966 2965 
1 3 2765 2766 2967 2966 
1 3 2766 2767 2968 2967 
1 3 2767 2768 2969 2968 
1 3 2768 2769 2970 2969 
1 3 2769 2770 2971 2970 
1 3 2770 2771 2972 2971 
1 3 2771 2772 2973 2972 
1 3 2772 2773 2974 2973 
1 3 2773 2774 2975 2974 
1 3 2774 2775 2976 2975 
1 3 2775 2776 2977 2976 
1 3 2776 2777 2978 2977 
1 3 2777 2778 2979 2978 
1 3 2778 2779 2980 2979 
1 3 2779 2780 2981 2980 
1 3 2780 2781 2982 2981 
1 3 2781 2782 2983 2982 
1 3 2782 2783 2984 2983 
1 3 2783 2784 2985 2984 
1 3 2784 2785 2986 2985 
1 3 2785 2786 2987 2986 
1 3 2786 2787 2988 2987 
1 3 2787 2788 2989 2988 
1 3 2788 2789 2990 2989 
1 3 2789 2790 2991 2990 
1 3 2790 2791 2992 2991 
1 3 2791 2792 2993 2992 
1 3 2792 2793 2994 2993 
1 3 2793 2794 2995 2994 
1 3 2794 2795 2996 2995 
1 3 2795 2796 2997 2996 
1 3 2796 2797 2998 2997 
1 3 2797 2798 2999 2998 
1 3 2798 2799 3000 2999 
1 3 2799 2800 3001 3000 
1 3 2800 2801 3002 3001 
1 3 2801 2802 3003 3002 
1 3 2802 2803 3004 3003 
1 3 2803 2804 3005 3004 
1 3 2804 2805 3006 3005 
1 3 2805 2806 3007 3006 
1 3 2806 2807 3008 3007 
1 3 2807 2808 3009 3008 
1 3 2808 2809 3010 3009 
1 3 2809 2810 3011 3010 
1 3 2810 2811 3012 3011 
1 3 2811 2812 3013 3012 
1 3 2812 2813 3014 3013 
1 3 2814 2815 3016 3015 
1 3 2815 2816 3017 3016 
1 3 2816 2817 3018 3017 
1 3 2817 2818 3019 3018 
1 3 2818 2819 3020 3019 
1 3 2819 2820 3021 3020 
1 3 2820 2821 3022 3021 
1 3 2821 2822 3023 3022 
1 3 2822 2823 3024 3023 
1 3 2823 2824 3025 3024 
1 3 2824 2825 3026 3025 
1 3 2825 2826 3027 3026 
1 3 2826 2827 3028 3027 
1 3 2827 2828 3029 3028 
1 3 2828 2829 3030 3029 
1 3 2829 2830 3031 3030 
1 3 2830 2831 3032 3031 
1 3 2831 2832 3033 3032 
1 3 2832 2833 3034 3033 
1 3 2833 2834 3035 3034 
1 3 2834 2835 3036 3035 
1 3 2835 2836 3037 3036 
1 3 2836 2837 3038 3037 
1 3 2837 2838 3039 3038 
1 3 2838 2839 3040 3039 
1 3 2839 2840 3041 3040 
1 3 2840 2841 3042 3041 
1 3 2841 2842 3043 3042 
1 3 2842 2843 3044 3043 
1 3 2843 2844 3045 3044 
1 3 2844 2845 3046 3045 
1 3 2845 2846 3047 3046 
1 3 2846 2847 3048 3047 
1 3 2847 2848 3049 3048 
1 3 2848 2849 3050 3049 
1 3 2849 2850 3051 3050 
1 3 2850 2851 3052 3051 
1 3 2851 2852 3053 3052 
1 3 2852 2853 3054 3053 
1 3 2853 2854 3055 3054 
1 3 2854 2855 3056 3055 
1 3 2855 2856 3057 3056 
1 3 2856 2857 3058 3057 
1 3 2857 2858 3059 3058 
1 3 2858 2859 3060 3059 
1 3 2859 2860 3061 3060 
1 3 2860 2861 3062 3061 
1 3 2861 2862 3063 3062 
1 3 2862 2863 3064 3063 
1 3 2863 2864 3065 3064 
1 3 2864 2865 3066 3065 
1 3 2865 2866 3067 3066 
1 3 2866 2867 3068 3067 
1 3 2867 2868 3069 3068 
1 3 2868 2869 3070 3069 
1 3 2869 2870 3071 3070 
1 3 2870 2871 3072 3071 
1 3 2871 2872 3073 3072 
1 3 2872 2873 3074 3073 
1 3 2873 2874 3075 3074 
1 3 2874 2875 3076 3075 
1 3 2875 2876 3077 3076 
1 3 2876 2877 3078 3077 
1 3 2877 2878 3079 3078 
1 3 2878 2879 3080 3079 
1 3 2879 2880 3081 3080 
1 3 2880 2881 3082 3081 
1 3 2881 2882 3083 3082 
1 3 2882 2883 3084 3083 
1 3 2883 2884 3085 3084 
1 3 2884 2885 3086 3085 
1 3 2885 2886 3087 3086 
1 3 2886 2887 3088 3087 
1 3 2887 2888 3089 3088 
1 3 2888 2889 3090 3089 
1 3 2889 2890 3091 3090 
1 3 2890 2891 3092 3091 
1 3 2891 2892 3093 3092 
1 3 2892 2893 3094 3093 
1 3 2893 2894 3095 3094 
1 3 2894 2895 3096 3095 
1 3 2895 2896 3097 3096 
1 3 2896 2897 3098 3097 
1 3 2897 2898 3099 3098 
1 3 2898 2899 3100 3099 
1 3 2899 2900 3101 3100 
1 3 2900 2901 3102 3101 
1 3 2901 2902 3103 3102 
1 3 2902 2903 3104 3103 
1 3 2903 2904 3105 3104 
1 3 2904 2905 3106 3105 
1 3 2905 2906 3107 3106 
1 3 2906 2907 3108 3107 
1 3 2907 2908 3109 3108 
1 3 2908 2909 3110 3109 
1 3 2909 2910 3111 3110 
1 3 2910 2911 3112 3111 
1 3 2911 2912 3113 3112 
1 3 2912 2913 3114 3113 
1 3 2913 2914 3115 3114 
1 3 2914 2915 3116 3115 
1 3 2915 2916 3117 3116 
1 3 2916 2917 3118 3117 
1 3 2917 2918 3119 3118 
1 3 2918 2919 3120 3119 
1 3 2919 2920 3121 3120 
1 3 2920 2921 3122 3121 
1 3 2921 2922 3123 3122 
1 3 2922 2923 3124 3123 
1 3 2923 2924 3125 3124 
1 3 2924 2925 3126 3125 
1 3 2925 2926 3127 3126 
1 3 2926 2927 3128 3127 
1 3 2927 2928 3129 3128 
1 3 2928 2929 3130 3129 
1 3 2929 2930 3131 3130 
1 3 2930 2931 3132 3131 
1 3 2931 2932 3133 3132 
1 3 2932 2933 3134 3133 
1 3 2933 2934 3135 3134 
1 3 2934 2935 3136 3135 
1 3 2935 2936 3137 3136 
1 3 2936 2937 3138 3137 
1 3 2937 2938 3139 3138 
1 3 2938 2939 3140 3139 
1 3 2939 2940 3141 3140 
1 3 2940 2941 3142 3141 
1 3 2941 2942 3143 3142 
1 3 2942 2943 3144 3143 
1 3 2943 2944 3145 3144 
1 3 2944 2945 3146 3145 
1 3 2945 2946 3147 3146 
1 3 2946 2947 3148 3147 
1 3 2947 2948 3149 3148 
1 3 2948 2949 3150 3149 
1 3 2949 2950 3151 3150 
1 3 2950 2951 3152 3151 
1 3 2951 2952 3153 3152 
1 3 2952 2953 3154 3153 
1 3 2953 2954 3155 3154 
1 3 2954 2955 3156 3155 
1 3 2955 2956 3157 3156 
1 3 2956 2957 3158 3157 
1 3 2957 2958 3159 3158 
1 3 2958 2959 3160 3159 
1 3 2959 2960 3161 3160 
1 3 2960 2961 3162 3161 
1 3 2961 2962 3163 3162 
1 3 2962 2963 3164 3163 
1 3 2963 2964 3165 3164 
1 3 2964 2965 3166 3165 
1 3 2965 2966 3167 3166 
1 3 2966 2967 3168 3167 
1 3 2967 2968 3169 3168 
1 3 2968 2969 3170 3169 
1 3 2969 2970 3171 3170 
1 3 2970 2971 3172 3171 
1 3 2971 2972 3173 3172 
1 3 2972 2973 3174 3173 
1 3 2973 2974 3175 3174 
1 3 2974 2975 3176 3175 
1 3 2975 2976 3177 3176 
1 3 2976 2977 3178 3177 
1 3 2977 2978 3179 3178 
1 3 2978 2979 3180 3179 
1 3 2979 2980 3181 3180 
1 3 2980 2981 3182 3181 
1 3 2981 2982 3183 3182 
1 3 2982 2983 3184 3183 
1 3 2983 2984 3185 3184 
1 3 2984 2985 3186 3185 
1 3 2985 2986 3187 3186 
1 3 2986 2987 3188 3187 
1 3 2987 2988 3189 3188 
1 3 2988 2989 3190 3189 
1 3 2989 2990 3191 3190 
1 3 2990 2991 3192 3191 
1 3 2991 2992 3193 3192 
1 3 2992 2993 3194 3193 
1 3 2993 2994 3195 3194 
1 3 2994 2995 3196 3195 
1 3 2995 2996 3197 3196 
1 3 2996 2997 3198 3197 
1 3 2997 2998 3199 3198 
1 3 2998 2999 3200 3199 
1 3 2999 3000 3201 3200 
1 3 3000 3001 3202 3201 
1 3 3001 3002 3203 3202 
1 3 3002 3003 3204 3203 
1 3 3003 3004 3205 3204 
1 3 3004 3005 3206 3205 
1 3 3005 3006 3207 3206 
1 3 3006 3007 3208 3207 
1 3 3007 3008 3209 3208 
1 3 3008 3009 3210 3209 
1 3 3009 3010 3211 3210 
1 3 3010 3011 3212 3211 
1 3 3011 3012 3213 3212 
1 3 3012 3013 3214 3213 
1 3 3013 3014 3215 3214 
1 3 3015 3016 3217 3216 
1 3 3016 3017 3218 3217 
1 3 3017 3018 3219 3218 
1 3 3018 3019 3220 3219 
1 3 3019 3020 3221 3220 
1 3 3020 3021 3222 3221 
1 3 3021 3022 3223 3222 
1 3 3022 3023 3224 3223 
1 3 3023 3024 3225 3224 
1 3 3024 3025 3226 3225 
1 3 3025 3026 3227 3226 
1 3 3026 3027 3228 3227 
1 3 3027 3028 3229 3228 
1 3 3028 3029 3230 3229 
1 3 3029 3030 3231 3230 
1 3 3030 3031 3232 3231 
1 3 3031 3032 3233 3232 
1 3 3032 3033 3234 3233 
1 3 3033 3034 3235 3234 
1 3 3034 3035 3236 3235 
1 3 3035 3036 3237 3236 
1 3 3036 3037 3238 3237 
1 3 3037 3038 3239 3238 
1 3 3038 3039 3240 3239 
1 3 3039 3040 3241 3240 
1 3 3040 3041 3242 3241 
1 3 3041 3042 3243 3242 
1 3 3042 3043 3244 3243 
1 3 3043 3044 3245 3244 
1 3 3044 3045 3246 3245 
1 3 3045 3046 3247 3246 
1 3 3046 3047 3248 3247 
1 3 3047 3048 3249 3248 
1 3 3048 3049 3250 3249 
1 3 3049 3050 3251 3250 
1 3 3050 3051 3252 3251 
1 3 3051 3052 3253 3252 
1 3 3052 3053 3254 3253 
1 3 3053 3054 3255 3254 
1 3 3054 3055 3256 3255 
1 3 3055 3056 3257 3256 
1 3 3056 3057 3258 3257 
1 3 3057 3058 3259 3258 
1 3 3058 3059 3260 3259 
1 3 3059 3060 3261 3260 
1 3 3060 3061 3262 3261 
1 3 3061 3062 3263 3262 
1 3 3062 3063 3264 3263 
1 3 3063 3064 3265 3264 
1 3 3064 3065 3266 3265 
1 3 3065 3066 3267 3266 
1 3 3066 3067 3268 3267 
1 3 3067 3068 3269 3268 
1 3 3068 3069 3270 3269 
1 3 3069 3070 3271 3270 
1 3 3070 3071 3272 3271 
1 3 3071 3072 3273 3272 
1 3 3072 3073 3274 3273 
1 3 3073 3074 3275 3274 
1 3 3074 3075 3276 3275 
1 3 3075 3076 3277 3276 
1 3 3076 3077 3278 3277 
1 3 3077 3078 3279 3278 
1 3 3078 3079 3280 3279 
1 3 3079 3080 3281 3280 
1 3 3080 3081 3282 3281 
1 3 3081 3082 3283 3282 
1 3 3082 3083 3284 3283 
1 3 3083 3084 3285 3284 
1 3 3084 3085 3286 3285 
1 3 3085 3086 3287 3286 
1 3 3086 3087 3288 3287 
1 3 3087 3088 3289 3288 
1 3 3088 3089 3290 3289 
1 3 3089 3090 3291 3290 
1 3 3090 3091 3292 3291 
1 3 3091 3092 3293 3292 
1 3 3092 3093 3294 3293 
1 3 3093 3094 3295 3294 
1 3 3094 3095 3296 3295 
1 3 3095 3096 3297 3296 
1 3 3096 3097 3298 3297 
1 3 3097 3098 3299 3298 
1 3 3098 3099 3300 3299 
1 3 3099 3100 3301 3300 
1 3 3100 3101 3302 3301 
1 3 3101 3102 3303 3302 
1 3 3102 3103 3304 3303 
1 3 3103 3104 3305 3304 
1 3 3104 3105 3306 3305 
1 3 3105 3106 3307 3306 
1 3 3106 3107 3308 3307 
1 3 3107 3108 3309 3308 
1 3 3108 3109 3310 3309 
1 3 3109 3110 3311 3310 
1 3 3110 3111 3312 3311 
1 3 3111 3112 3313 3312 
1 3 3112 3113 3314 3313 
1 3 3113 3114 3315 3314 
1 3 3114 3115 3316 3315 
1 3 3115 3116 3317 3316 
1 3 3116 3117 3318 3317 
1 3 3117 3118 3319 3318 
1 3 3118 3119 3320 3319 
1 3 3119 3120 3321 3320 
1 3 3120 3121 3322 3321 
1 3 3121 3122 3323 3322 
1 3 3122 3123 3324 3323 
1 3 3123 3124 3325 3324 
1 3 3124 3125 3326 3325 
1 3 3125 3126 3327 3326 
1 3 3126 3127 3328 3327 
1 3 3127 3128 3329 3328 
1 3 3128 3129 3330 3329 
1 3 3129 3130 3331 3330 
1 3 3130 3131 3332 3331 
1 3 3131 3132 3333 3332 
1 3 3132 3133 3334 3333 
1 3 3133 3134 3335 3334 
1 3 3134 3135 3336 3335 
1 3 3135 3136 3337 3336 
1 3 3136 3137 3338 3337 
1 3 3137 3138 3339 3338 
1 3 3138 3139 3340 3339 
1 3 3139 3140 3341 3340 
1 3 3140 3141 3342 3341 
1 3 3141 3142 3343 3342 
1 3 3142 3143 3344 3343 
1 3 3143 3144 3345 3344 
1 3 3144 3145 3346 3345 
1 3 3145 3146 3347 3346 
1 3 3146 3147 3348 3347 
1 3 3147 3148 3349 3348 
1 3 3148 3149 3350 3349 
1 3 3149 3150 3351 3350 
1 3 3150 3151 3352 3351 
1 3 3151 3152 3353 3352 
1 3 3152 3153 3354 3353 
1 3 3153 3154 3355 3354 
1 3 3154 3155 3356 3355 
1 3 3155 3156 3357 3356 
1 3 3156 3157 3358 3357 
1 3 3157 3158 3359 3358 
1 3 3158 3159 3360 3359 
1 3 3159 3160 3361 3360 
1 3 3160 3161 3362 3361 
1 3 3161 3162 3363 3362 
1 3 3162 3163 3364 3363 
1 3 3163 3164 3365 3364 
1 3 3164 3165 3366 3365 
1 3 3165 3166 3367 3366 
1 3 3166 3167 3368 3367 
1 3 3167 3168 3369 3368 
1 3 3168 3169 3370 3369 
1 3 3169 3170 3371 3370 
1 3 3170 3171 3372 3371 
1 3 3171 3172 3373 3372 
1 3 3172 3173 3374 3373 
1 3 3173 3174 3375 3374 
1 3 3174 3175 3376 3375 
1 3 3175 3176 3377 3376 
1 3 3176 3177 3378 3377 
1 3 3177 3178 3379 3378 
1 3 3178 3179 3380 3379 
1 3 3179 3180 3381 3380 
1 3 3180 3181 3382 3381 
1 3 3181 3182 3383 3382 
1 3 3182 3183 3384 3383 
1 3 3183 3184 3385 3384 
1 3 3184 3185 3386 3385 
1 3 3185 3186 3387 3386 
1 3 3186 3187 3388 3387 
1 3 3187 3188 3389 3388 
1 3 3188 3189 3390 3389 
1 3 3189 3190 3391 3390 
1 3 3190 3191 3392 3391 
1 3 3191 3192 3393 3392 
1 3 3192 3193 3394 3393 
1 3 3193 3194 3395 3394 
1 3 3194 3195 3396 3395 
1 3 3195 3196 3397 3396 
1 3 3196 3197 3398 3397 
1 3 3197 3198 3399 3398 
1 3 3198 3199 3400 3399 
1 3 3199 3200 3401 3400 
1 3 3200 3201 3402 3401 
1 3 3201 3202 3403 3402 
1 3 3202 3203 3404 3403 
1 3 3203 3204 3405 3404 
1 3 3204 3205 3406 3405 
1 3 3205 3206 3407 3406 
1 3 3206 3207 3408 3407 
1 3 3207 3208 3409 3408 
1 3 3208 3209 3410 3409 
1 3 3209 3210 3411 3410 
1 3 3210 3211 3412 3411 
1 3 3211 3212 3413 3412 
1 3 3212 3213 3414 3413 
1 3 3213 3214 3415 3414 
1 3 3214 3215 3416 3415 
1 3 3216 3217 3418 3417 
1 3 3217 3218 3419 3418 
1 3 3218 3219 3420 3419 
1 3 3219 3220 3421 3420 
1 3 3220 3221 3422 3421 
1 3 3221 3222 3423 3422 
1 3 3222 3223 3424 3423 
1 3 3223 3224 3425 3424 
1 3 3224 3225 3426 3425 
1 3 3225 3226 3427 3426 
1 3 3226 3227 3428 3427 
1 3 3227 3228 3429 3428 
1 3 3228 3229 3430 3429 
1 3 3229 3230 3431 3430 
1 3 3230 3231 3432 3431 
1 3 3231 3232 3433 3432 
1 3 3232 3233 3434 3433 
1 3 3233 3234 3435 3434 
1 3 3234 3235 3436 3435 
1 3 3235 3236 3437 3436 
1 3 3236 3237 3438 3437 
1 3 3237 3238 3439 3438 
1 3 3238 3239 3440 3439 
1 3 3239 3240 3441 3440 
1 3 3240 3241 3442 3441 
1 3 3241 3242 3443 3442 
1 3 3242 3243 3444 3443 
1 3 3243 3244 3445 3444 
1 3 3244 3245 3446 3445 
1 3 3245 3246 3447 3446 
1 3 3246 3247 3448 3447 
1 3 3247 3248 3449 3448 
1 3 3248 3249 3450 3449 
1 3 3249 3250 3451 3450 
1 3 3250 3251 3452 3451 
1 3 3251 3252 3453 3452 
1 3 3252 3253 3454 3453 
1 3 3253 3254 3455 3454 
1 3 3254 3255 3456 3455 
1 3 3255 3256 3457 3456 
1 3 3256 3257 3458 3457 
1 3 3257 3258 3459 3458 
1 3 3258 3259 3460 3459 
1 3 3259 3260 3461 3460 
1 3 3260 3261 3462 3461 
1 3 3261 3262 3463 3462 
1 3 3262 3263 3464 3463 
1 3 3263 3264 3465 3464 
1 3 3264 3265 3466 3465 
1 3 3265 3266 3467 3466 
1 3 3266 3267 3468 3467 
1 3 3267 3268 3469 3468 
1 3 3268 3269 3470 3469 
1 3 3269 3270 3471 3470 
1 3 3270 3271 3472 3471 
1 3 3271 3272 3473 3472 
1 3 3272 3273 3474 3473 
1 3 3273 3274 3475 3474 
1 3 3274 3275 3476 3475 
1 3 3275 3276 3477 3476 
1 3 3276 3277 3478 3477 
1 3 3277 3278 3479 3478 
1 3 3278 3279 3480 3479 
1 3 3279 3280 3481 3480 
1 3 3280 3281 3482 3481 
1 3 3281 3282 3483 3482 
1 3 3282 3283 3484 3483 
1 3 3283 3284 3485 3484 
1 3 3284 3285 3486 3485 
1 3 3285 3286 3487 3486 
1 3 3286 3287 3488 3487 
1 3 3287 3288 3489 3488 
1 3 3288 3289 3490 3489 
1 3 3289 3290 3491 3490 
1 3 3290 3291 3492 3491 
1 3 3291 3292 3493 3492 
1 3 3292 3293 3494 3493 
1 3 3293 3294 3495 3494 
1 3 3294 3295 3496 3495 
1 3 3295 3296 3497 3496 
1 3 3296 3297 3498 3497 
1 3 3297 3298 3499 3498 
1 3 3298 3299 3500 3499 
1 3 3299 3300 3501 3500 
1 3 3300 3301 3502 3501 
1 3 3301 3302 3503 3502 
1 3 3302 3303 3504 3503 
1 3 3303 3304 3505 3504 
1 3 3304 3305 3506 3505 
1 3 3305 3306 3507 3506 
1 3 3306 3307 3508 3507 
1 3 3307 3308 3509 3508 
1 3 3308 3309 3510 3509 
1 3 3309 3310 3511 3510 
1 3 3310 3311 3512 3511 
1 3 3311 3312 3513 3512 
1 3 3312 3313 3514 3513 
1 3 3313 3314 3515 3514 
1 3 3314 3315 3516 3515 
1 3 3315 3316 3517 3516 
1 3 3316 3317 3518 3517 
1 3 3317 3318 3519 3518 
1 3 3318 3319 3520 3519 
1 3 3319 3320 3521 3520 
1 3 3320 3321 3522 3521 
1 3 3321 3322 3523 3522 
1 3 3322 3323 3524 3523 
1 3 3323 3324 3525 3524 
1 3 3324 3325 3526 3525 
1 3 3325 3326 3527 3526 
1 3 3326 3327 3528 3527 
1 3 3327 3328 3529 3528 
1 3 3328 3329 3530 3529 
1 3 3329 3330 3531 3530 
1 3 3330 3331 3532 3531 
1 3 3331 3332 3533 3532 
1 3 3332 3333 3534 3533 
1 3 3333 3334 3535 3534 
1 3 3334 3335 3536 3535 
1 3 3335 3336 3537 3536 
1 3 3336 3337 3538 3537 
1 3 3337 3338 3539 3538 
1 3 3338 3339 3540 3539 
1 3 3339 3340 3541 3540 
1 3 3340 3341 3542 3541 
1 3 3341 3342 3543 3542 
1 3 3342 3343 3544 3543 
1 3 3343 3344 3545 3544 
1 3 3344 3345 3546 3545 
1 3 3345 3346 3547 3546 
1 3 3346 3347 3548 3547 
1 3 3347 3348 3549 3548 
1 3 3348 3349 3550 3549 
1 3 3349 3350 3551 3550 
1 3 3350 3351 3552 3551 
1 3 3351 3352 3553 3552 
1 3 3352 3353 3554 3553 
1 3 3353 3354 3555 3554 
1 3 3354 3355 3556 3555 
1 3 3355 3356 3557 3556 
1 3 3356 3357 3558 3557 
1 3 3357 3358 3559 3558 
1 3 3358 3359 3560 3559 
1 3 3359 3360 3561 3560 
1 3 3360 3361 3562 3561 
1 3 3361 3362 3563 3562 
1 3 3362 3363 3564 3563 
1 3 3363 3364 3565 3564 
1 3 3364 3365 3566 3565 
1 3 3365 3366 3567 3566 
1 3 3366 3367 3568 3567 
1 3 3367 3368 3569 3568 
1 3 3368 3369 3570 3569 
1 3 3369 3370 3571 3570 
1 3 3370 3371 3572 3571 
1 3 3371 3372 3573 3572 
1 3 3372 3373 3574 3573 
1 3 3373 3374 3575 3574 
1 3 3374 3375 3576 3575 
1 3 3375 3376 3577 3576 
1 3 3376 3377 3578 3577 
1 3 3377 3378 3579 3578 
1 3 3378 3379 3580 3579 
1 3 3379 3380 3581 3580 
1 3 3380 3381 3582 3581 
1 3 3381 3382 3583 3582 
1 3 3382 3383 3584 3583 
1 3 3383 3384 3585 3584 
1 3 3384 3385 3586 3585 
1 3 3385 3386 3587 3586 
1 3 3386 3387 3588 3587 
1 3 3387 3388 3589 3588 
1 3 3388 3389 3590 3589 
1 3 3389 3390 3591 3590 
1 3 3390 3391 3592 3591 
1 3 3391 3392 3593 3592 
1 3 3392 3393 3594 3593 
1 3 3393 3394 3595 3594 
1 3 3394 3395 3596 3595 
1 3 3395 3396 3597 3596 
1 3 3396 3397 3598 3597 
1 3 3397 3398 3599 3598 
1 3 3398 3399 3600 3599 
1 3 3399 3400 3601 3600 
1 3 3400 3401 3602 3601 
1 3 3401 3402 3603 3602 
1 3 3402 3403 3604 3603 
1 3 3403 3404 3605 3604 
1 3 3404 3405 3606 3605 
1 3 3405 3406 3607 3606 
1 3 3406 3407 3608 3607 
1 3 3407 3408 3609 3608 
1 3 3408 3409 3610 3609 
1 3 3409 3410 3611 3610 
1 3 3410 3411 3612 3611 
1 3 3411 3412 3613 3612 
1 3 3412 3413 3614 3613 
1 3 3413 3414 3615 3614 
1 3 3414 3415 3616 3615 
1 3 3415 3416 3617 3616 
1 3 3417 3418 3619 3618 
1 3 3418 3419 3620 3619 
1 3 3419 3420 3621 3620 
1 3 3420 3421 3622 3621 
1 3 3421 3422 3623 3622 
1 3 3422 3423 3624 3623 
1 3 3423 3424 3625 3624 
1 3 3424 3425 3626 3625 
1 3 3425 3426 3627 3626 
1 3 3426 3427 3628 3627 
1 3 3427 3428 3629 3628 
1 3 3428 3429 3630 3629 
1 3 3429 3430 3631 3630 
1 3 3430 3431 3632 3631 
1 3 3431 3432 3633 3632 
1 3 3432 3433 3634 3633 
1 3 3433 3434 3635 3634 
1 3 3434 3435 3636 3635 
1 3 3435 3436 3637 3636 
1 3 3436 3437 3638 3637 
1 3 3437 3438 3639 3638 
1 3 3438 3439 3640 3639 
1 3 3439 3440 3641 3640 
1 3 3440 3441 3642 3641 
1 3 3441 3442 3643 3642 
1 3 3442 3443 3644 3643 
1 3 3443 3444 3645 3644 
1 3 3444 3445 3646 3645 
1 3 3445 3446 3647 3646 
1 3 3446 3447 3648 3647 
1 3 3447 3448 3649 3648 
1 3 3448 3449 3650 3649 
1 3 3449 3450 3651 3650 
1 3 3450 3451 3652 3651 
1 3 3451 3452 3653 3652 
1 3 3452 3453 3654 3653 
1 3 3453 3454 3655 3654 
1 3 3454 3455 3656 3655 
1 3 3455 3456 3657 3656 
1 3 3456 3457 3658 3657 
1 3 3457 3458 3659 3658 
1 3 3458 3459 3660 3659 
1 3 3459 3460 3661 3660 
1 3 3460 3461 3662 3661 
1 3 3461 3462 3663 3662 
1 3 3462 3463 3664 3663 
1 3 3463 3464 3665 3664 
1 3 3464 3465 3666 3665 
1 3 3465 3466 3667 3666 
1 3 3466 3467 3668 3667 
1 3 3467 3468 3669 3668 
1 3 3468 3469 3670 3669 
1 3 3469 3470 3671 3670 
1 3 3470 3471 3672 3671 
1 3 3471 3472 3673 3672 
1 3 3472 3473 3674 3673 
1 3 3473 3474 3675 3674 
1 3 3474 3475 3676 3675 
1 3 3475 3476 3677 3676 
1 3 3476 3477 3678 3677 
1 3 3477 3478 3679 3678 
1 3 3478 3479 3680 3679 
1 3 3479 3480 3681 3680 
1 3 3480 3481 3682 3681 
1 3 3481 3482 3683 3682 
1 3 3482 3483 3684 3683 
1 3 3483 3484 3685 3684 
1 3 3484 3485 3686 3685 
1 3 3485 3486 3687 3686 
1 3 3486 3487 3688 3687 
1 3 3487 3488 3689 3688 
1 3 3488 3489 3690 3689 
1 3 3489 3490 3691 3690 
1 3 3490 3491 3692 3691 
1 3 3491 3492 3693 3692 
1 3 3492 3493 3694 3693 
1 3 3493 3494 3695 3694 
1 3 3494 3495 3696 3695 
1 3 3495 3496 3697 3696 
1 3 3496 3497 3698 3697 
1 3 3497 3498 3699 3698 
1 3 3498 3499 3700 3699 
1 3 3499 3500 3701 3700 
1 3 3500 3501 3702 3701 
1 3 3501 3502 3703 3702 
1 3 3502 3503 3704 3703 
1 3 3503 3504 3705 3704 
1 3 3504 3505 3706 3705 
1 3 3505 3506 3707 3706 
1 3 3506 3507 3708 3707 
1 3 3507 3508 3709 3708 
1 3 3508 3509 3710 3709 
1 3 3509 3510 3711 3710 
1 3 3510 3511 3712 3711 
1 3 3511 3512 3713 3712 
1 3 3512 3513 3714 3713 
1 3 3513 3514 3715 3714 
1 3 3514 3515 3716 3715 
1 3 3515 3516 3717 3716 
1 3 3516 3517 3718 3717 
1 3 3517 3518 3719 3718 
1 3 3518 3519 3720 3719 
1 3 3519 3520 3721 3720 
1 3 3520 3521 3722 3721 
1 3 3521 3522 3723 3722 
1 3 3522 3523 3724 3723 
1 3 3523 3524 3725 3724 
1 3 3524 3525 3726 3725 
1 3 3525 3526 3727 3726 
1 3 3526 3527 3728 3727 
1 3 3527 3528 3729 3728 
1 3 3528 3529 3730 3729 
1 3 3529 3530 3731 3730 
1 3 3530 3531 3732 3731 
1 3 3531 3532 3733 3732 
1 3 3532 3533 3734 3733 
1 3 3533 3534 3735 3734 
1 3 3534 3535 3736 3735 
1 3 3535 3536 3737 3736 
1 3 3536 3537 3738 3737 
1 3 3537 3538 3739 3738 
1 3 3538 3539 3740 3739 
1 3 3539 3540 3741 3740 
1 3 3540 3541 3742 3741 
1 3 3541 3542 3743 3742 
1 3 3542 3543 3744 3743 
1 3 3543 3544 3745 3744 
1 3 3544 3545 3746 3745 
1 3 3545 3546 3747 3746 
1 3 3546 3547 3748 3747 
1 3 3547 3548 3749 3748 
1 3 3548 3549 3750 3749 
1 3 3549 3550 3751 3750 
1 3 3550 3551 3752 3751 
1 3 3551 3552 3753 3752 
1 3 3552 3553 3754 3753 
1 3 3553 3554 3755 3754 
1 3 3554 3555 3756 3755 
1 3 3555 3556 3757 3756 
1 3 3556 3557 3758 3757 
1 3 3557 3558 3759 3758 
1 3 3558 3559 3760 3759 
1 3 3559 3560 3761 3760 
1 3 3560 3561 3762 3761 
1 3 3561 3562 3763 3762 
1 3 3562 3563 3764 3763 
1 3 3563 3564 3765 3764 
1 3 3564 3565 3766 3765 
1 3 3565 3566 3767 3766 
1 3 3566 3567 3768 3767 
1 3 3567 3568 3769 3768 
1 3 3568 3569 3770 3769 
1 3 3569 3570 3771 3770 
1 3 3570 3571 3772 3771 
1 3 3571 3572 3773 3772 
1 3 3572 3573 3774 3773 
1 3 3573 3574 3775 3774 
1 3 3574 3575 3776 3775 
1 3 3575 3576 3777 3776 
1 3 3576 3577 3778 3777 
1 3 3577 3578 3779 3778 
1 3 3578 3579 3780 3779 
1 3 3579 3580 3781 3780 
1 3 3580 3581 3782 3781 
1 3 3581 3582 3783 3782 
1 3 3582 3583 3784 3783 
1 3 3583 3584 3785 3784 
1 3 3584 3585 3786 3785 
1 3 3585 3586 3787 3786 
1 3 3586 3587 3788 3787 
1 3 3587 3588 3789 3788 
1 3 3588 3589 3790 3789 
1 3 3589 3590 3791 3790 
1 3 3590 3591 3792 3791 
1 3 3591 3592 3793 3792 
1 3 3592 3593 3794 3793 
1 3 3593 3594 3795 3794 
1 3 3594 3595 3796 3795 
1 3 3595 3596 3797 3796 
1 3 3596 3597 3798 3797 
1 3 3597 3598 3799 3798 
1 3 3598 3599 3800 3799 
1 3 3599 3600 3801 3800 
1 3 3600 3601 3802 3801 
1 3 3601 3602 3803 3802 
1 3 3602 3603 3804 3803 
1 3 3603 3604 3805 3804 
1 3 3604 3605 3806 3805 
1 3 3605 3606 3807 3806 
1 3 3606 3607 3808 3807 
1 3 3607 3608 3809 3808 
1 3 3608 3609 3810 3809 
1 3 3609 3610 3811 3810 
1 3 3610 3611 3812 3811 
1 3 3611 3612 3813 3812 
1 3 3612 3613 3814 3813 
1 3 3613 3614 3815 3814 
1 3 3614 3615 3816 3815 
1 3 3615 3616 3817 3816 
1 3 3616 3617 3818 3817 
1 3 3618 3619 3820 3819 
1 3 3619 3620 3821 3820 
1 3 3620 3621 3822 3821 
1 3 3621 3622 3823 3822 
1 3 3622 3623 3824 3823 
1 3 3623 3624 3825 3824 
1 3 3624 3625 3826 3825 
1 3 3625 3626 3827 3826 
1 3 3626 3627 3828 3827 
1 3 3627 3628 3829 3828 
1 3 3628 3629 3830 3829 
1 3 3629 3630 3831 3830 
1 3 3630 3631 3832 3831 
1 3 3631 3632 3833 3832 
1 3 3632 3633 3834 3833 
1 3 3633 3634 3835 3834 
1 3 3634 3635 3836 3835 
1 3 3635 3636 3837 3836 
1 3 3636 3637 3838 3837 
1 3 3637 3638 3839 3838 
1 3 3638 3639 3840 3839 
1 3 3639 3640 3841 3840 
1 3 3640 3641 3842 3841 
1 3 3641 3642 3843 3842 
1 3 3642 3643 3844 3843 
1 3 3643 3644 3845 3844 
1 3 3644 3645 3846 3845 
1 3 3645 3646 3847 3846 
1 3 3646 3647 3848 3847 
1 3 3647 3648 3849 3848 
1 3 3648 3649 3850 3849 
1 3 3649 3650 3851 3850 
1 3 3650 3651 3852 3851 
1 3 3651 3652 3853 3852 
1 3 3652 3653 3854 3853 
1 3 3653 3654 3855 3854 
1 3 3654 3655 3856 3855 
1 3 3655 3656 3857 3856 
1 3 3656 3657 3858 3857 
1 3 3657 3658 3859 3858 
1 3 3658 3659 3860 3859 
1 3 3659 3660 3861 3860 
1 3 3660 3661 3862 3861 
1 3 3661 3662 3863 3862 
1 3 3662 3663 3864 3863 
1 3 3663 3664 3865 3864 
1 3 3664 3665 3866 3865 
1 3 3665 3666 3867 3866 
1 3 3666 3667 3868 3867 
1 3 3667 3668 3869 3868 
1 3 3668 3669 3870 3869 
1 3 3669 3670 3871 3870 
1 3 3670 3671 3872 3871 
1 3 3671 3672 3873 3872 
1 3 3672 3673 3874 3873 
1 3 3673 3674 3875 3874 
1 3 3674 3675 3876 3875 
1 3 3675 3676 3877 3876 
1 3 3676 3677 3878 3877 
1 3 3677 3678 3879 3878 
1 3 3678 3679 3880 3879 
1 3 3679 3680 3881 3880 
1 3 3680 3681 3882 3881 
1 3 3681 3682 3883 3882 
1 3 3682 3683 3884 3883 
1 3 3683 3684 3885 3884 
1 3 3684 3685 3886 3885 
1 3 3685 3686 3887 3886 
1 3 3686 3687 3888 3887 
1 3 3687 3688 3889 3888 
1 3 3688 3689 3890 3889 
1 3 3689 3690 3891 3890 
1 3 3690 3691 3892 3891 
1 3 3691 3692 3893 3892 
1 3 3692 3693 3894 3893 
1 3 3693 3694 3895 3894 
1 3 3694 3695 3896 3895 
1 3 3695 3696 3897 3896 
1 3 3696 3697 3898 3897 
1 3 3697 3698 3899 3898 
1 3 3698 3699 3900 3899 
1 3 3699 3700 3901 3900 
1 3 3700 3701 3902 3901 
1 3 3701 3702 3903 3902 
1 3 3702 3703 3904 3903 
1 3 3703 3704 3905 3904 
1 3 3704 3705 3906 3905 
1 3 3705 3706 3907 3906 
1 3 3706 3707 3908 3907 
1 3 3707 3708 3909 3908 
1 3 3708 3709 3910 3909 
1 3 3709 3710 3911 3910 
1 3 3710 3711 3912 3911 
1 3 3711 3712 3913 3912 
1 3 3712 3713 3914 3913 
1 3 3713 3714 3915 3914 
1 3 3714 3715 3916 3915 
1 3 3715 3716 3917 3916 
1 3 3716 3717 3918 3917 
1 3 3717 3718 3919 3918 
1 3 3718 3719 3920 3919 
1 3 3719 3720 3921 3920 
1 3 3720 3721 3922 3921 
1 3 3721 3722 3923 3922 
1 3 3722 3723 3924 3923 
1 3 3723 3724 3925 3924 
1 3 3724 3725 3926 3925 
1 3 3725 3726 3927 3926 
1 3 3726 3727 3928 3927 
1 3 3727 3728 3929 3928 
1 3 3728 3729 3930 3929 
1 3 3729 3730 3931 3930 
1 3 3730 3731 3932 3931 
1 3 3731 3732 3933 3932 
1 3 3732 3733 3934 3933 
1 3 3733 3734 3935 3934 
1 3 3734 3735 3936 3935 
1 3 3735 3736 3937 3936 
1 3 3736 3737 3938 3937 
1 3 3737 3738 3939 3938 
1 3 3738 3739 3940 3939 
1 3 3739 3740 3941 3940 
1 3 3740 3741 3942 3941 
1 3 3741 3742 3943 3942 
1 3 3742 3743 3944 3943 
1 3 3743 3744 3945 3944 
1 3 3744 3745 3946 3945 
1 3 3745 3746 3947 3946 
1 3 3746 3747 3948 3947 
1 3 3747 3748 3949 3948 
1 3 3748 3749 3950 3949 
1 3 3749 3750 3951 3950 
1 3 3750 3751 3952 3951 
1 3 3751 3752 3953 3952 
1 3 3752 3753 3954 3953 
1 3 3753 3754 3955 3954 
1 3 3754 3755 3956 3955 
1 3 3755 3756 3957 3956 
1 3 3756 3757 3958 3957 
1 3 3757 3758 3959 3958 
1 3 3758 3759 3960 3959 
1 3 3759 3760 3961 3960 
1 3 3760 3761 3962 3961 
1 3 3761 3762 3963 3962 
1 3 3762 3763 3964 3963 
1 3 3763 3764 3965 3964 
1 3 3764 3765 3966 3965 
1 3 3765 3766 3967 3966 
1 3 3766 3767 3968 3967 
1 3 3767 3768 3969 3968 
1 3 3768 3769 3970 3969 
1 3 3769 3770 3971 3970 
1 3 3770 3771 3972 3971 
1 3 3771 3772 3973 3972 
1 3 3772 3773 3974 3973 
1 3 3773 3774 3975 3974 
1 3 3774 3775 3976 3975 
1 3 3775 3776 3977 3976 
1 3 3776 3777 3978 3977 
1 3 3777 3778 3979 3978 
1 3 3778 3779 3980 3979 
1 3 3779 3780 3981 3980 
1 3 3780 3781 3982 3981 
1 3 3781 3782 3983 3982 
1 3 3782 3783 3984 3983 
1 3 3783 3784 3985 3984 
1 3 3784 3785 3986 3985 
1 3 3785 3786 3987 3986 
1 3 3786 3787 3988 3987 
1 3 3787 3788 3989 3988 
1 3 3788 3789 3990 3989 
1 3 3789 3790 3991 3990 
1 3 3790 3791 3992 3991 
1 3 3791 3792 3993 3992 
1 3 3792 3793 3994 3993 
1 3 3793 3794 3995 3994 
1 3 3794 3795 3996 3995 
1 3 3795 3796 3997 3996 
1 3 3796 3797 3998 3997 
1 3 3797 3798 3999 3998 
1 3 3798 3799 4000 3999 
1 3 3799 3800 4001 4000 
1 3 3800 3801 4002 4001 
1 3 3801 3802 4003 4002 
1 3 3802 3803 4004 4003 
1 3 3803 3804 4005 4004 
1 3 3804 3805 4006 4005 
1 3 3805 3806 4007 4006 
1 3 3806 3807 4008 4007 
1 3 3807 3808 4009 4008 
1 3 3808 3809 4010 4009 
1 3 3809 3810 4011 4010 
1 3 3810 3811 4012 4011 
1 3 3811 3812 4013 4012 
1 3 3812 3813 4014 4013 
1 3 3813 3814 4015 4014 
1 3 3814 3815 4016 4015 
1 3 3815 3816 4017 4016 
1 3 3816 3817 4018 4017 
1 3 3817 3818 4019 4018 
1 3 3819 3820 4021 4020 
1 3 3820 3821 4022 4021 
1 3 3821 3822 4023 4022 
1 3 3822 3823 4024 4023 
1 3 3823 3824 4025 4024 
1 3 3824 3825 4026 4025 
1 3 3825 3826 4027 4026 
1 3 3826 3827 4028 4027 
1 3 3827 3828 4029 4028 
1 3 3828 3829 4030 4029 
1 3 3829 3830 4031 4030 
1 3 3830 3831 4032 4031 
1 3 3831 3832 4033 4032 
1 3 3832 3833 4034 4033 
1 3 3833 3834 4035 4034 
1 3 3834 3835 4036 4035 
1 3 3835 3836 4037 4036 
1 3 3836 3837 4038 4037 
1 3 3837 3838 4039 4038 
1 3 3838 3839 4040 4039 
1 3 3839 3840 4041 4040 
1 3 3840 3841 4042 4041 
1 3 3841 3842 4043 4042 
1 3 3842 3843 4044 4043 
1 3 3843 3844 4045 4044 
1 3 3844 3845 4046 4045 
1 3 3845 3846 4047 4046 
1 3 3846 3847 4048 4047 
1 3 3847 3848 4049 4048 
1 3 3848 3849 4050 4049 
1 3 3849 3850 4051 4050 
1 3 3850 3851 4052 4051 
1 3 3851 3852 4053 4052 
1 3 3852 3853 4054 4053 
1 3 3853 3854 4055 4054 
1 3 3854 3855 4056 4055 
1 3 3855 3856 4057 4056 
1 3 3856 3857 4058 4057 
1 3 3857 3858 4059 4058 
1 3 3858 3859 4060 4059 
1 3 3859 3860 4061 4060 
1 3 3860 3861 4062 4061 
1 3 3861 3862 4063 4062 
1 3 3862 3863 4064 4063 
1 3 3863 3864 4065 4064 
1 3 3864 3865 4066 4065 
1 3 3865 3866 4067 4066 
1 3 3866 3867 4068 4067 
1 3 3867 3868 4069 4068 
1 3 3868 3869 4070 4069 
1 3 3869 3870 4071 4070 
1 3 3870 3871 4072 4071 
1 3 3871 3872 4073 4072 
1 3 3872 3873 4074 4073 
1 3 3873 3874 4075 4074 
1 3 3874 3875 4076 4075 
1 3 3875 3876 4077 4076 
1 3 3876 3877 4078 4077 
1 3 3877 3878 4079 4078 
1 3 3878 3879 4080 4079 
1 3 3879 3880 4081 4080 
1 3 3880 3881 4082 4081 
1 3 3881 3882 4083 4082 
1 3 3882 3883 4084 4083 
1 3 3883 3884 4085 4084 
1 3 3884 3885 4086 4085 
1 3 3885 3886 4087 4086 
1 3 3886 3887 4088 4087 
1 3 3887 3888 4089 4088 
1 3 3888 3889 4090 4089 
1 3 3889 3890 4091 4090 
1 3 3890 3891 4092 4091 
1 3 3891 3892 4093 4092 
1 3 3892 3893 4094 4093 
1 3 3893 3894 4095 4094 
1 3 3894 3895 4096 4095 
1 3 3895 3896 4097 4096 
1 3 3896 3897 4098 4097 
1 3 3897 3898 4099 4098 
1 3 3898 3899 4100 4099 
1 3 3899 3900 4101 4100 
1 3 3900 3901 4102 4101 
1 3 3901 3902 4103 4102 
1 3 3902 3903 4104 4103 
1 3 3903 3904 4105 4104 
1 3 3904 3905 4106 4105 
1 3 3905 3906 4107 4106 
1 3 3906 3907 4108 4107 
1 3 3907 3908 4109 4108 
1 3 3908 3909 4110 4109 
1 3 3909 3910 4111 4110 
1 3 3910 3911 4112 4111 
1 3 3911 3912 4113 4112 
1 3 3912 3913 4114 4113 
1 3 3913 3914 4115 4114 
1 3 3914 3915 4116 4115 
1 3 3915 3916 4117 4116 
1 3 3916 3917 4118 4117 
1 3 3917 3918 4119 4118 
1 3 3918 3919 4120 4119 
1 3 3919 3920 4121 4120 
1 3 3920 3921 4122 4121 
1 3 3921 3922 4123 4122 
1 3 3922 3923 4124 4123 
1 3 3923 3924 4125 4124 
1 3 3924 3925 4126 4125 
1 3 3925 3926 4127 4126 
1 3 3926 3927 4128 4127 
1 3 3927 3928 4129 4128 
1 3 3928 3929 4130 4129 
1 3 3929 3930 4131 4130 
1 3 3930 3931 4132 4131 
1 3 3931 3932 4133 4132 
1 3 3932 3933 4134 4133 
1 3 3933 3934 4135 4134 
1 3 3934 3935 4136 4135 
1 3 3935 3936 4137 4136 
1 3 3936 3937 4138 4137 
1 3 3937 3938 4139 4138 
1 3 3938 3939 4140 4139 
1 3 3939 3940 4141 4140 
1 3 3940 3941 4142 4141 
1 3 3941 3942 4143 4142 
1 3 3942 3943 4144 4143 
1 3 3943 3944 4145 4144 
1 3 3944 3945 4146 4145 
1 3 3945 3946 4147 4146 
1 3 3946 3947 4148 4147 
1 3 3947 3948 4149 4148 
1 3 3948 3949 4150 4149 
1 3 3949 3950 4151 4150 
1 3 3950 3951 4152 4151 
1 3 3951 3952 4153 4152 
1 3 3952 3953 4154 4153 
1 3 3953 3954 4155 4154 
1 3 3954 3955 4156 4155 
1 3 3955 3956 4157 4156 
1 3 3956 3957 4158 4157 
1 3 3957 3958 4159 4158 
1 3 3958 3959 4160 4159 
1 3 3959 3960 4161 4160 
1 3 3960 3961 4162 4161 
1 3 3961 3962 4163 4162 
1 3 3962 3963 4164 4163 
1 3 3963 3964 4165 4164 
1 3 3964 3965 4166 4165 
1 3 3965 3966 4167 4166 
1 3 3966 3967 4168 4167 
1 3 3967 3968 4169 4168 
1 3 3968 3969 4170 4169 
1 3 3969 3970 4171 4170 
1 3 3970 3971 4172 4171 
1 3 3971 3972 4173 4172 
1 3 3972 3973 4174 4173 
1 3 3973 3974 4175 4174 
1 3 3974 3975 4176 4175 
1 3 3975 3976 4177 4176 
1 3 3976 3977 4178 4177 
1 3 3977 3978 4179 4178 
1 3 3978 3979 4180 4179 
1 3 3979 3980 4181 4180 
1 3 3980 3981 4182 4181 
1 3 3981 3982 4183 4182 
1 3 3982 3983 4184 4183 
1 3 3983 3984 4185 4184 
1 3 3984 3985 4186 4185 
1 3 3985 3986 4187 4186 
1 3 3986 3987 4188 4187 
1 3 3987 3988 4189 4188 
1 3 3988 3989 4190 4189 
1 3 3989 3990 4191 4190 
1 3 3990 3991 4192 4191 
1 3 3991 3992 4193 4192 
1 3 3992 3993 4194 4193 
1 3 3993 3994 4195 4194 
1 3 3994 3995 4196 4195 
1 3 3995 3996 4197 4196 
1 3 3996 3997 4198 4197 
1 3 3997 3998 4199 4198 
1 3 3998 3999 4200 4199 
1 3 3999 4000 4201 4200 
1 3 4000 4001 4202 4201 
1 3 4001 4002 4203 4202 
1 3 4002 4003 4204 4203 
1 3 4003 4004 4205 4204 
1 3 4004 4005 4206 4205 
1 3 4005 4006 4207 4206 
1 3 4006 4007 4208 4207 
1 3 4007 4008 4209 4208 
1 3 4008 4009 4210 4209 
1 3 4009 4010 4211 4210 
1 3 4010 4011 4212 4211 
1 3 4011 4012 4213 4212 
1 3 4012 4013 4214 4213 
1 3 4013 4014 4215 4214 
1 3 4014 4015 4216 4215 
1 3 4015 4016 4217 4216 
1 3 4016 4017 4218 4217 
1 3 4017 4018 4219 4218 
1 3 4018 4019 4220 4219 
