540
9 239 2
9 243 2
9 253 2
9 280 2
9 290 2
9 298 2
9 305 2
9 306 2
9 309 2
9 331 2
9 343 2
9 345 2
9 348 2
9 353 2
9 359 2
9 377 2
9 396 2
9 397 2
9 398 2
9 402 2
9 404 2
9 409 2
9 412 2
9 413 2
9 420 2
9 422 2
9 1103 2
9 1153 2
9 1158 2
9 1278 2
9 1279 2
9 1353 2
9 1379 2
9 1384 2
9 1388 2
9 1462 2
9 1466 2
9 1490 2
9 1491 2
9 1526 2
9 1643 2
9 1719 2
9 1745 2
9 1777 2
9 1778 2
9 1782 2
9 1842 2
9 1851 2
9 2021 2
9 2064 2
9 2150 2
9 2302 2
9 2386 2
9 2403 2
9 2408 2
9 2439 2
9 2465 2
9 2599 2
9 2782 2
9 2837 2
9 2841 2
9 2889 2
9 2976 2
9 2992 2
9 2993 2
9 2994 2
9 2995 2
9 2996 2
9 2997 2
9 2998 2
9 2999 2
9 3000 2
9 3001 2
9 3002 2
9 3003 2
9 3004 2
9 3005 2
9 3006 2
9 3007 2
9 3008 2
9 3021 2
9 3027 2
9 3029 2
9 3030 2
9 3031 2
9 3032 2
9 3033 2
9 3034 2
9 3035 2
9 3036 2
9 3049 2
9 3070 2
9 3076 2
9 3077 2
9 3097 2
9 3116 2
9 3162 2
9 3163 2
9 3164 2
9 3182 2
9 3183 2
9 3197 2
9 3198 2
9 3199 2
9 3200 2
9 3201 2
9 3206 2
9 3207 2
9 3208 2
9 3209 2
9 3210 2
9 3211 2
9 3212 2
9 3213 2
9 3222 2
9 3223 2
9 3224 2
9 3226 2
9 3242 2
9 3253 2
9 3254 2
9 3255 2
9 3256 2
9 3257 2
9 3258 2
9 3259 2
9 3260 2
9 3261 2
9 3262 2
9 3263 2
9 3264 2
9 3265 2
9 3266 2
9 3267 2
9 3268 2
9 3270 2
9 3271 2
9 3272 2
9 3273 2
9 3274 2
9 3275 2
9 3289 2
9 3294 2
9 3333 2
9 3334 2
9 3335 2
9 3336 2
9 3337 2
9 3338 2
9 3339 2
9 3340 2
9 3341 2
9 3342 2
9 3343 2
9 3344 2
9 3345 2
9 3346 2
9 3348 2
9 3349 2
9 3351 2
9 3352 2
9 3354 2
9 3355 2
9 3356 2
9 3357 2
9 3358 2
9 3359 2
9 3360 2
9 3361 2
9 3362 2
9 3363 2
9 3364 2
9 3365 2
9 3403 2
9 3404 2
9 3405 2
9 3406 2
9 3415 2
9 3416 2
9 3426 2
9 3427 2
9 3440 2
9 3455 2
9 3456 2
9 3457 2
9 3458 2
9 3459 2
9 3480 2
9 3487 2
9 3488 2
9 3489 2
9 3490 2
9 3510 2
9 3511 2
9 3512 2
9 3513 2
9 3514 2
9 3515 2
9 3545 2
9 3593 2
9 3594 2
9 3595 2
9 3642 2
9 3672 2
9 3673 2
9 3674 2
9 3676 2
9 3678 2
9 3680 2
9 3718 2
9 3719 2
9 3741 2
9 3759 2
9 3760 2
9 3761 2
9 3762 2
9 3763 2
9 3764 2
9 3765 2
9 3766 2
9 3767 2
9 3768 2
9 3769 2
9 3770 2
9 3771 2
9 3772 2
9 3773 2
9 3774 2
9 3783 2
9 3784 2
9 3785 2
9 3831 2
9 3895 2
9 3896 2
9 4156 2
9 4216 2
9 4217 2
9 4232 2
9 4233 2
9 4234 2
9 4235 2
9 4260 2
9 4261 2
9 4274 2
9 4337 2
9 4492 2
9 4540 2
9 4541 2
9 4581 2
9 4624 2
9 4625 2
9 4626 2
9 4627 2
9 4654 2
9 4655 2
9 4656 2
9 4657 2
9 4691 2
9 4692 2
9 4693 2
9 4694 2
9 4695 2
9 4696 2
9 4716 2
8 4717 2
9 4790 2
9 4791 2
8 4796 2
8 4797 2
9 4799 2
9 4800 2
9 4801 2
9 4802 2
9 4803 2
9 4804 2
9 4805 2
9 4806 2
9 4807 2
9 4854 2
9 4855 2
9 4856 2
9 4942 2
8 4943 2
9 4945 2
9 5009 2
8 5011 2
8 5012 2
8 5158 2
9 5210 2
9 5211 2
9 5240 2
9 5241 2
7 5242 2
9 5358 2
9 5422 2
7 5778 2
7 5888 2
9 5931 2
9 5956 2
7 5972 2
9 6022 2
9 6053 2
9 6114 2
9 6207 2
9 6316 2
9 6408 2
9 6512 2
9 6566 2
9 6617 2
9 6618 2
9 6619 2
9 6620 2
9 6622 2
9 6624 2
9 6625 2
9 6626 2
9 6627 2
9 6628 2
9 6629 2
9 6726 2
9 6775 2
9 6792 2
9 6849 2
9 6882 2
9 6891 2
9 6936 2
9 7032 2
9 7113 2
9 7118 2
9 7119 2
9 7120 2
9 7132 2
9 7138 2
9 7139 2
9 7149 2
9 7153 2
9 7158 2
9 7295 2
9 7328 2
9 7329 2
9 7330 2
9 7331 2
9 7332 2
9 7333 2
9 7386 2
9 7500 2
9 7517 2
9 7543 2
9 7593 2
9 7810 2
9 7853 2
9 7908 2
9 7971 2
9 8066 2
9 8081 2
9 8092 2
9 8117 2
9 8177 2
9 8190 2
9 8314 2
9 8326 2
9 8360 2
9 8424 2
9 8433 2
9 8438 2
9 8451 2
9 8464 2
9 8483 2
9 8500 2
9 8520 2
9 8558 2
9 8568 2
9 8646 2
9 8655 2
9 8660 2
9 8681 2
8 8715 2
8 8737 2
9 8784 2
9 8804 2
7 8822 2
7 8824 2
7 8827 2
9 8861 2
9 9082 2
9 9088 2
9 9107 2
9 9111 2
9 9114 2
9 9118 2
9 9130 2
9 9133 2
9 9137 2
9 9146 2
9 9162 2
9 9169 2
9 9178 2
9 9181 2
9 9187 2
9 9189 2
9 9203 2
8 9204 2
7 9205 2
9 9247 2
9 9256 2
9 9277 2
9 9285 2
9 9296 2
9 9297 2
9 9298 2
9 9299 2
9 9304 2
9 9336 2
9 9345 2
9 9347 2
9 9357 2
9 9369 2
9 9375 2
9 9376 2
9 9382 2
9 9402 2
9 9409 2
9 9430 2
9 9442 2
9 9466 2
9 9510 2
9 9520 2
8 9555 2
9 9730 2
9 9769 2
9 9797 2
9 9798 2
8 9799 2
9 9800 2
9 9801 2
7 9802 2
7 9804 2
9 9805 2
9 9806 2
9 9809 2
9 9812 2
9 9817 2
9 9824 2
9 9825 2
9 9828 2
8 9841 2
9 9842 2
9 9859 2
9 9871 2
8 9885 2
8 9887 2
8 9889 2
8 9891 2
8 9893 2
8 9895 2
8 9898 2
9 10002 2
9 10075 2
9 10082 2
9 10097 2
9 10135 2
9 10136 2
9 10141 2
9 10142 2
9 10144 2
9 10150 2
9 10160 2
9 10162 2
9 10166 2
9 10170 2
9 10172 2
9 10174 2
9 10185 2
9 10191 2
9 10194 2
9 10198 2
9 10200 2
9 10209 2
9 10214 2
9 10217 2
9 10220 2
9 10221 2
9 10227 2
9 10233 2
9 10236 2
9 10239 2
9 10241 2
9 10243 2
9 10244 2
9 10245 2
9 10249 2
9 10252 2
9 10253 2
9 10254 2
9 10255 2
9 10257 2
9 10259 2
9 10260 2
9 10264 2
9 10266 2
9 10271 2
9 10273 2
9 10274 2
9 10275 2
9 10277 2
9 10278 2
9 10279 2
9 10280 2
9 10282 2
9 10284 2
9 10285 2
9 10287 2
9 10288 2
9 10291 2
9 10292 2
9 10295 2
9 10296 2
9 10300 2
9 10301 2
9 10302 2
9 10303 2
9 10304 2
9 10305 2
9 10307 2
9 10308 2
9 10309 2
9 10310 2
9 10311 2
9 10312 2
9 10313 2
9 10314 2
9 10315 2
9 10349 2
9 10355 2
9 10358 2
9 10375 2
9 10385 2
9 10402 2
9 10409 2
9 10424 2
