5556
0 0 0
5 0 0
5 -1 0
25 -1 0
25 1 0
0 1 0
0.1 0 0
0.2 0 0
0.3 0 0
0.4 0 0
0.5 0 0
0.6 0 0
0.7 0 0
0.8 0 0
0.9 0 0
1 0 0
1.1 0 0
1.2 0 0
1.3 0 0
1.4 0 0
1.5 0 0
1.6 0 0
1.7 0 0
1.8 0 0
1.9 0 0
2 0 0
2.1 0 0
2.2 0 0
2.3 0 0
2.4 0 0
2.5 0 0
2.6 0 0
2.7 0 0
2.8 0 0
2.9 0 0
3 0 0
3.1 0 0
3.2 0 0
3.3 0 0
3.4 0 0
3.5 0 0
3.6 0 0
3.7 0 0
3.8 0 0
3.9 0 0
4 0 0
4.1 0 0
4.2 0 0
4.3 0 0
4.4 0 0
4.5 0 0
4.6 0 0
4.7 0 0
4.8 0 0
4.9 0 0
5 -0.1 0
5 -0.2 0
5 -0.3 0
5 -0.4 0
5 -0.5 0
5 -0.6 0
5 -0.7 0
5 -0.8 0
5 -0.9 0
5.1 -1 0
5.2 -1 0
5.3 -1 0
5.4 -1 0
5.5 -1 0
5.6 -1 0
5.7 -1 0
5.8 -1 0
5.9 -1 0
6 -1 0
6.1 -1 0
6.2 -1 0
6.3 -1 0
6.4 -1 0
6.5 -1 0
6.6 -1 0
6.7 -1 0
6.8 -1 0
6.9 -1 0
7 -1 0
7.1 -1 0
7.2 -1 0
7.3 -1 0
7.4 -1 0
7.5 -1 0
7.6 -1 0
7.7 -1 0
7.8 -1 0
7.9 -1 0
8 -1 0
8.1 -1 0
8.2 -1 0
8.3 -1 0
8.4 -1 0
8.5 -1 0
8.6 -1 0
8.7 -1 0
8.8 -1 0
8.9 -1 0
9 -1 0
9.1 -1 0
9.2 -1 0
9.3 -1 0
9.4 -1 0
9.5 -1 0
9.6 -1 0
9.7 -1 0
9.8 -1 0
9.9 -1 0
10 -1 0
10.1 -1 0
10.2 -1 0
10.3 -1 0
10.4 -1 0
10.5 -1 0
10.6 -1 0
10.7 -1 0
10.8 -1 0
10.9 -1 0
11 -1 0
11.1 -1 0
11.2 -1 0
11.3 -1 0
11.4 -1 0
11.5 -1 0
11.6 -1 0
11.7 -1 0
11.8 -1 0
11.9 -1 0
12 -1 0
12.1 -1 0
12.2 -1 0
12.3 -1 0
12.4 -1 0
12.5 -1 0
12.6 -1 0
12.7 -1 0
12.8 -1 0
12.9 -1 0
13 -1 0
13.1 -1 0
13.2 -1 0
13.3 -1 0
13.4 -1 0
13.5 -1 0
13.6 -1 0
13.7 -1 0
13.8 -1 0
13.9 -1 0
14 -1 0
14.1 -1 0
14.2 -1 0
14.3 -1 0
14.4 -1 0
14.5 -1 0
14.6 -1 0
14.7 -1 0
14.8 -1 0
14.9 -1 0
15 -1 0
15.1 -1 0
15.2 -1 0
15.3 -1 0
15.4 -1 0
15.5 -1 0
15.6 -1 0
15.7 -1 0
15.8 -1 0
15.9 -1 0
16 -1 0
16.1 -1 0
16.2 -1 0
16.3 -1 0
16.4 -1 0
16.5 -1 0
16.6 -1 0
16.7 -1 0
16.8 -1 0
16.9 -1 0
17 -1 0
17.1 -1 0
17.2 -1 0
17.3 -1 0
17.4 -1 0
17.5 -1 0
17.6 -1 0
17.7 -1 0
17.8 -1 0
17.9 -1 0
18 -1 0
18.1 -1 0
18.2 -1 0
18.3 -1 0
18.4 -1 0
18.5 -1 0
18.6 -1 0
18.7 -1 0
18.8 -1 0
18.9 -1 0
19 -1 0
19.1 -1 0
19.2 -1 0
19.3 -1 0
19.4 -1 0
19.5 -1 0
19.6 -1 0
19.7 -1 0
19.8 -1 0
19.9 -1 0
20 -1 0
20.1 -1 0
20.2 -1 0
20.3 -1 0
20.4 -1 0
20.5 -1 0
20.6 -1 0
20.7 -1 0
20.8 -1 0
20.9 -1 0
21 -1 0
21.1 -1 0
21.2 -1 0
21.3 -1 0
21.4 -1 0
21.5 -1 0
21.6 -1 0
21.7 -1 0
21.8 -1 0
21.9 -1 0
22 -1 0
22.1 -1 0
22.2 -1 0
22.3 -1 0
22.4 -1 0
22.5 -1 0
22.6 -1 0
22.7 -1 0
22.8 -1 0
22.9 -1 0
23 -1 0
23.1 -1 0
23.2 -1 0
23.3 -1 0
23.4 -1 0
23.5 -1 0
23.6 -1 0
23.7 -1 0
23.8 -1 0
23.9 -1 0
24 -1 0
24.1 -1 0
24.2 -1 0
24.3 -1 0
24.4 -1 0
24.5 -1 0
24.6 -1 0
24.7 -1 0
24.8 -1 0
24.9 -1 0
25 -0.9 0
25 -0.8 0
25 -0.7 0
25 -0.6 0
25 -0.5 0
25 -0.4 0
25 -0.3 0
25 -0.2 0
25 -0.1 0
25 0 0
25 0.1 0
25 0.2 0
25 0.3 0
25 0.4 0
25 0.5 0
25 0.6 0
25 0.7 0
25 0.8 0
25 0.9 0
24.9 1 0
24.8 1 0
24.7 1 0
24.6 1 0
24.5 1 0
24.4 1 0
24.3 1 0
24.2 1 0
24.1 1 0
24 1 0
23.9 1 0
23.8 1 0
23.7 1 0
23.6 1 0
23.5 1 0
23.4 1 0
23.3 1 0
23.2 1 0
23.1 1 0
23 1 0
22.9 1 0
22.8 1 0
22.7 1 0
22.6 1 0
22.5 1 0
22.4 1 0
22.3 1 0
22.2 1 0
22.1 1 0
22 1 0
21.9 1 0
21.8 1 0
21.7 1 0
21.6 1 0
21.5 1 0
21.4 1 0
21.3 1 0
21.2 1 0
21.1 1 0
21 1 0
20.9 1 0
20.8 1 0
20.7 1 0
20.6 1 0
20.5 1 0
20.4 1 0
20.3 1 0
20.2 1 0
20.1 1 0
20 1 0
19.9 1 0
19.8 1 0
19.7 1 0
19.6 1 0
19.5 1 0
19.4 1 0
19.3 1 0
19.2 1 0
19.1 1 0
19 1 0
18.9 1 0
18.8 1 0
18.7 1 0
18.6 1 0
18.5 1 0
18.4 1 0
18.3 1 0
18.2 1 0
18.1 1 0
18 1 0
17.9 1 0
17.8 1 0
17.7 1 0
17.6 1 0
17.5 1 0
17.4 1 0
17.3 1 0
17.2 1 0
17.1 1 0
17 1 0
16.9 1 0
16.8 1 0
16.7 1 0
16.6 1 0
16.5 1 0
16.4 1 0
16.3 1 0
16.2 1 0
16.1 1 0
16 1 0
15.9 1 0
15.8 1 0
15.7 1 0
15.6 1 0
15.5 1 0
15.4 1 0
15.3 1 0
15.2 1 0
15.1 1 0
15 1 0
14.9 1 0
14.8 1 0
14.7 1 0
14.6 1 0
14.5 1 0
14.4 1 0
14.3 1 0
14.2 1 0
14.1 1 0
14 1 0
13.9 1 0
13.8 1 0
13.7 1 0
13.6 1 0
13.5 1 0
13.4 1 0
13.3 1 0
13.2 1 0
13.1 1 0
13 1 0
12.9 1 0
12.8 1 0
12.7 1 0
12.6 1 0
12.5 1 0
12.4 1 0
12.3 1 0
12.2 1 0
12.1 1 0
12 1 0
11.9 1 0
11.8 1 0
11.7 1 0
11.6 1 0
11.5 1 0
11.4 1 0
11.3 1 0
11.2 1 0
11.1 1 0
11 1 0
10.9 1 0
10.8 1 0
10.7 1 0
10.6 1 0
10.5 1 0
10.4 1 0
10.3 1 0
10.2 1 0
10.1 1 0
10 1 0
9.9 1 0
9.8 1 0
9.7 1 0
9.6 1 0
9.5 1 0
9.4 1 0
9.3 1 0
9.2 1 0
9.1 1 0
9 1 0
8.9 1 0
8.8 1 0
8.7 1 0
8.6 1 0
8.5 1 0
8.4 1 0
8.3 1 0
8.2 1 0
8.1 1 0
8 1 0
7.9 1 0
7.8 1 0
7.7 1 0
7.6 1 0
7.5 1 0
7.4 1 0
7.3 1 0
7.2 1 0
7.1 1 0
7 1 0
6.9 1 0
6.8 1 0
6.7 1 0
6.6 1 0
6.5 1 0
6.4 1 0
6.3 1 0
6.2 1 0
6.1 1 0
6 1 0
5.9 1 0
5.8 1 0
5.7 1 0
5.6 1 0
5.5 1 0
5.4 1 0
5.3 1 0
5.2 1 0
5.1 1 0
5 1 0
4.9 1 0
4.8 1 0
4.7 1 0
4.6 1 0
4.5 1 0
4.4 1 0
4.3 1 0
4.2 1 0
4.1 1 0
4 1 0
3.9 1 0
3.8 1 0
3.7 1 0
3.6 1 0
3.5 1 0
3.4 1 0
3.3 1 0
3.2 1 0
3.1 1 0
3 1 0
2.9 1 0
2.8 1 0
2.7 1 0
2.6 1 0
2.5 1 0
2.4 1 0
2.3 1 0
2.2 1 0
2.1 1 0
2 1 0
1.9 1 0
1.8 1 0
1.7 1 0
1.6 1 0
1.5 1 0
1.4 1 0
1.3 1 0
1.2 1 0
1.1 1 0
1 1 0
0.9 1 0
0.8 1 0
0.7 1 0
0.6 1 0
0.5 1 0
0.4 1 0
0.3 1 0
0.2 1 0
0.1 1 0
0 0.9 0
0 0.8 0
0 0.7 0
0 0.6 0
0 0.5 0
0 0.4 0
0 0.3 0
0 0.2 0
0 0.1 0
16.2536 -0.910267 0
16.7603 -0.905927 0
17.2471 -0.91321 0
17.7564 -0.910125 0
18.2525 -0.93188 0
18.7451 -0.910928 0
19.25 -0.913397 0
19.7541 -0.910882 0
20.2466 -0.909492 0
20.7542 -0.90886 0
21.2642 -0.90499 0
21.75 -0.913397 0
22.2563 -0.910713 0
22.744 -0.920275 0
23.2474 -0.911776 0
23.7484 -0.925579 0
6.15169 0.912271 0
6.65523 0.920565 0
7.1422 0.910013 0
7.64838 0.910628 0
8.137 0.90502 0
8.64329 0.904599 0
9.1527 -0.910598 0
9.66234 -0.904913 0
10.1519 -0.925424 0
10.6545 -0.910989 0
11.1441 -0.916251 0
11.65 -0.913397 0
12.1546 -0.914439 0
12.6367 -0.906089 0
13.1444 -0.904711 0
13.6525 -0.900372 0
14.1611 -0.905572 0
14.65 -0.913397 0
15.1563 -0.907841 0
15.6528 -0.93207 0
15.95 0.913397 0
21.559 0.910324 0
23.5415 0.904675 0
23.0506 0.91278 0
22.55 0.913397 0
22.0408 0.909916 0
21.05 0.913397 0
20.556 0.916838 0
20.0569 0.907586 0
19.5495 0.909144 0
19.0402 0.904763 0
18.5488 0.925595 0
18.046 0.910353 0
17.5397 0.909853 0
17.045 0.917875 0
16.5503 0.920288 0
6.36326 -0.904578 0
6.85069 -0.911644 0
7.35887 -0.909938 0
7.8406 -0.910271 0
8.45725 -0.904594 0
15.35 0.913397 0
14.8583 0.906889 0
14.3507 0.911196 0
13.8368 0.901322 0
13.35 0.913397 0
12.85 0.913397 0
12.3462 0.91547 0
11.8592 0.910297 0
11.3496 0.91182 0
10.8511 0.925556 0
10.3571 0.907493 0
9.84943 0.909241 0
9.33968 0.9102 0
23.9425 0.910035 0
5.94372 -0.920202 0
24.9018 -0.060774 0
5.0866 -0.05 0
24.1539 -0.915488 0
5.75155 0.915673 0
24.3522 0.925218 0
24.9134 0.35 0
5.34872 0.91142 0
5.53609 -0.905889 0
24.9134 -0.45 0
8.96486 0.904954 0
16.2544 0.911889 0
8.13554 -0.904976 0
15.6525 0.931729 0
5.0866 -0.35 0
8.85 -0.913397 0
15.9447 -0.928611 0
5.09107 0.05 0
5.17395 2.90046e-15 0
2.23981 0.904785 0
2.74904 0.910402 0
3.25656 0.907746 0
3.75 0.913397 0
4.25 0.913397 0
4.75367 0.915516 0
1.24932 0.912854 0
1.755 0.913251 0
0.740061 0.9102 0
4.46391 0.0950001 0
1.4474 0.0680919 0
3.95604 0.0953346 0
0.954731 0.0890419 0
2.05305 0.0885032 0
3.05027 0.0846138 0
0.547941 0.0894251 0
2.56177 0.0951198 0
3.55405 0.0920278 0
5.17407 0.1 0
5.25988 0.05 0
24.45 -0.913397 0
5.09196 0.15 0
1.7437 0.0712811 0
5.25996 0.15 0
5.34645 0.1 0
0.451912 0.925388 0
4.75949 0.0901015 0
5.34644 0.2 0
5.43302 0.15 0
5.43302 0.05 0
5.51962 0.1 0
5.51962 1.12133e-14 0
5.60622 0.05 0
5.60622 -0.05 0
5.69282 1.39055e-14 0
5.69282 0.1 0
5.77942 0.05 0
5.77942 -0.05 0
5.86603 2.1011e-14 0
5.86603 -0.1 0
5.95263 -0.05 0
5.95263 0.05 0
6.03923 2.60486e-14 0
6.03923 -0.1 0
6.12583 -0.05 0
6.12583 0.05 0
6.21244 2.86438e-14 0
6.21244 0.1 0
6.29904 0.05 0
6.29904 -0.05 0
6.38564 2.9976e-14 0
6.38564 -0.1 0
6.47224 -0.05 0
6.47224 0.05 0
6.55885 2.38837e-14 0
6.55885 0.1 0
6.64545 0.05 0
6.64545 -0.05 0
6.73205 2.54102e-14 0
6.73205 0.1 0
6.81865 0.05 0
6.81865 -0.05 0
6.90526 1.35725e-14 0
6.90526 -0.1 0
6.99186 -0.05 0
6.99186 0.05 0
7.07846 1.249e-14 0
7.07846 0.1 0
7.16506 0.05 0
7.16506 -0.05 0
7.25167 1.1352e-14 0
7.25167 0.1 0
7.33827 0.05 0
7.33827 -0.05 0
7.42487 1.68893e-14 0
7.42487 -0.1 0
7.51147 -0.05 0
7.51147 0.05 0
7.59808 2.04975e-14 0
7.59808 0.1 0
7.68468 0.05 0
7.68468 -0.05 0
7.77128 2.90185e-14 0
7.77128 0.1 0
7.85788 0.05 0
7.85788 -0.05 0
7.94449 3.68733e-14 0
7.94449 -0.1 0
8.03109 -0.05 0
8.03109 0.05 0
8.11769 4.78645e-14 0
8.11769 0.1 0
8.20429 0.05 0
8.20429 -0.05 0
8.2909 6.27692e-14 0
8.2909 0.1 0
8.3775 0.05 0
8.3775 -0.05 0
8.4641 8.35304e-14 0
8.4641 -0.1 0
8.5507 -0.05 0
8.5507 0.05 0
8.63731 1.06026e-13 0
8.63731 0.1 0
8.72391 0.05 0
8.72391 -0.05 0
8.81051 1.29299e-13 0
8.81051 -0.1 0
8.89711 -0.05 0
8.89711 0.05 0
8.98372 1.54529e-13 0
8.98372 0.1 0
9.07032 0.05 0
9.07032 -0.05 0
9.15692 1.78316e-13 0
9.15692 -0.1 0
9.24352 -0.05 0
9.24352 0.05 0
9.33013 2.03684e-13 0
9.33013 0.1 0
9.41673 0.05 0
9.41673 -0.05 0
9.50333 2.30579e-13 0
9.50333 0.1 0
9.58993 0.05 0
9.58993 -0.05 0
9.67654 2.59417e-13 0
9.67654 -0.1 0
9.76314 -0.05 0
9.76314 0.05 0
9.84974 2.86562e-13 0
9.84974 0.1 0
9.93634 0.05 0
9.93634 -0.05 0
10.0229 3.15956e-13 0
10.0229 0.1 0
10.1095 0.05 0
10.1095 -0.05 0
10.1962 3.4546e-13 0
10.1962 -0.1 0
10.2828 -0.05 0
10.2828 0.05 0
10.3694 3.74631e-13 0
10.3694 0.1 0
10.456 0.05 0
10.456 -0.05 0
10.5426 4.04593e-13 0
10.5426 0.1 0
10.6292 0.05 0
10.6292 -0.05 0
10.7158 4.31849e-13 0
10.7158 -0.1 0
10.8024 -0.05 0
10.8024 0.05 0
10.889 4.58245e-13 0
10.889 0.1 0
10.9756 0.05 0
10.9756 -0.05 0
11.0622 4.84349e-13 0
11.0622 -0.1 0
11.1488 -0.05 0
11.1488 0.05 0
11.2354 5.09801e-13 0
11.2354 -0.1 0
11.322 -0.05 0
11.322 0.05 0
11.4086 5.35211e-13 0
11.4086 0.1 0
11.4952 0.05 0
11.4952 -0.05 0
11.5818 5.60371e-13 0
11.5818 -0.1 0
11.6684 -0.05 0
11.6684 0.05 0
11.755 5.84824e-13 0
11.755 -0.1 0
11.8416 -0.05 0
11.8416 0.05 0
11.9282 6.09651e-13 0
11.9282 0.1 0
12.0148 0.05 0
12.0148 -0.05 0
12.1014 6.34451e-13 0
12.1014 -0.1 0
12.188 -0.05 0
12.188 0.05 0
12.2746 6.59417e-13 0
12.2746 -0.1 0
12.3612 -0.05 0
12.3612 0.05 0
12.4478 6.84591e-13 0
12.4478 0.1 0
12.5344 0.05 0
12.5344 -0.05 0
12.621 7.09877e-13 0
12.621 -0.1 0
12.7076 -0.05 0
12.7076 0.05 0
12.7942 7.35287e-13 0
12.7942 -0.1 0
12.8808 -0.05 0
12.8808 0.05 0
12.9674 7.60197e-13 0
12.9674 0.1 0
13.054 0.05 0
13.054 -0.05 0
13.1406 7.85122e-13 0
13.1406 -0.1 0
13.2272 -0.05 0
13.2272 0.05 0
13.3138 8.0988e-13 0
13.3138 0.1 0
13.4004 0.05 0
13.4004 -0.05 0
13.487 8.34471e-13 0
13.487 0.1 0
13.5737 0.05 0
13.5737 -0.05 0
13.6603 8.58785e-13 0
13.6603 -0.1 0
13.7469 -0.05 0
13.7469 0.05 0
13.8335 8.83099e-13 0
13.8335 0.1 0
13.9201 0.05 0
13.9201 -0.05 0
14.0067 9.07413e-13 0
14.0067 0.1 0
14.0933 0.05 0
14.0933 -0.05 0
14.1799 9.32018e-13 0
14.1799 -0.1 0
14.2665 -0.05 0
14.2665 0.05 0
14.3531 9.56804e-13 0
14.3531 0.1 0
14.4397 0.05 0
14.4397 -0.05 0
14.5263 9.81104e-13 0
14.5263 0.1 0
14.6129 0.05 0
14.6129 -0.05 0
14.6995 1.00517e-12 0
14.6995 -0.1 0
14.7861 -0.05 0
14.7861 0.05 0
14.8727 1.03129e-12 0
14.8727 0.1 0
14.9593 0.05 0
14.9593 -0.05 0
15.0459 1.05789e-12 0
15.0459 0.1 0
15.1325 0.05 0
15.1325 -0.05 0
15.2191 1.08497e-12 0
15.2191 -0.1 0
15.3057 -0.05 0
15.3057 0.05 0
15.3923 1.11031e-12 0
15.3923 -0.1 0
15.4789 -0.05 0
15.4789 0.05 0
15.5655 1.13595e-12 0
15.5655 -0.1 0
15.6521 -0.05 0
15.6521 0.05 0
15.7387 1.16121e-12 0
15.7387 -0.1 0
15.8253 -0.05 0
15.8253 0.05 0
15.9119 1.18962e-12 0
15.9119 -0.1 0
15.9985 -0.05 0
15.9985 0.05 0
16.0851 1.21551e-12 0
16.0851 -0.1 0
16.1717 -0.05 0
16.1717 0.05 0
16.2583 1.23976e-12 0
16.2583 -0.1 0
16.3449 -0.05 0
16.3449 0.05 0
16.4315 1.26399e-12 0
16.4315 -0.1 0
16.5181 -0.05 0
16.5181 0.05 0
16.6047 1.2926e-12 0
16.6047 0.1 0
16.6913 0.05 0
16.6913 -0.05 0
16.7779 1.31593e-12 0
16.7779 -0.1 0
16.8645 -0.05 0
16.8645 0.05 0
16.9512 1.33947e-12 0
16.9512 -0.1 0
17.0378 -0.05 0
17.0378 0.05 0
17.1244 1.3612e-12 0
17.1244 0.1 0
17.211 0.05 0
17.211 -0.05 0
17.2976 1.38196e-12 0
17.2976 -0.1 0
17.3842 -0.05 0
17.3842 0.05 0
17.4708 1.39712e-12 0
17.4708 0.1 0
17.5574 0.05 0
17.5574 -0.05 0
17.644 1.41866e-12 0
17.644 0.1 0
17.7306 0.05 0
17.7306 -0.05 0
17.8172 1.43437e-12 0
17.8172 -0.1 0
17.9038 -0.05 0
17.9038 0.05 0
17.9904 1.4525e-12 0
17.9904 0.1 0
18.077 0.05 0
18.077 -0.05 0
18.1636 1.4611e-12 0
18.1636 0.1 0
18.2502 0.05 0
18.2502 -0.05 0
18.3368 1.47167e-12 0
18.3368 -0.1 0
18.4234 -0.05 0
18.4234 0.05 0
18.51 1.49124e-12 0
18.51 0.1 0
18.5966 0.05 0
18.5966 -0.05 0
18.6832 1.50559e-12 0
18.6832 0.1 0
18.7698 0.05 0
18.7698 -0.05 0
18.8564 1.53441e-12 0
18.8564 -0.1 0
18.943 -0.05 0
18.943 0.05 0
19.0296 1.56881e-12 0
19.0296 0.1 0
19.1162 0.05 0
19.1162 -0.05 0
19.2028 1.60003e-12 0
19.2028 -0.1 0
19.2894 -0.05 0
19.2894 0.05 0
19.376 1.64384e-12 0
19.376 -0.1 0
19.4626 -0.05 0
19.4626 0.05 0
19.5492 1.69122e-12 0
19.5492 0.1 0
19.6358 0.05 0
19.6358 -0.05 0
19.7224 1.72491e-12 0
19.7224 -0.1 0
19.809 -0.05 0
19.809 0.05 0
19.8956 1.76482e-12 0
19.8956 -0.1 0
19.9822 -0.05 0
19.9822 0.05 0
20.0688 1.79118e-12 0
20.0688 0.1 0
20.1554 0.05 0
20.1554 -0.05 0
20.242 1.82854e-12 0
20.242 -0.1 0
20.3286 -0.05 0
20.3286 0.05 0
20.4153 1.87203e-12 0
20.4153 -0.1 0
20.5019 -0.05 0
20.5019 0.05 0
20.5885 1.9096e-12 0
20.5885 0.1 0
20.6751 0.05 0
20.6751 -0.05 0
20.7617 1.94912e-12 0
20.7617 -0.1 0
20.8483 -0.05 0
20.8483 0.05 0
20.9349 1.99277e-12 0
20.9349 -0.1 0
21.0215 -0.05 0
21.0215 0.05 0
21.1081 2.05599e-12 0
21.1081 0.1 0
21.1947 0.05 0
21.1947 -0.05 0
21.2813 2.14082e-12 0
21.2813 -0.1 0
21.3679 -0.05 0
21.3679 0.05 0
21.4545 2.23813e-12 0
21.4545 0.1 0
21.5411 0.05 0
21.5411 -0.05 0
21.6277 2.32535e-12 0
21.6277 0.1 0
21.7143 0.05 0
21.7143 -0.05 0
21.8009 2.42296e-12 0
21.8009 -0.1 0
21.8875 -0.05 0
21.8875 0.05 0
21.9741 2.54188e-12 0
21.9741 0.1 0
22.0607 0.05 0
22.0607 -0.05 0
22.1473 2.63978e-12 0
22.1473 0.1 0
22.2339 0.05 0
22.2339 -0.05 0
22.3205 2.78497e-12 0
22.3205 -0.1 0
22.4071 -0.05 0
22.4071 0.05 0
22.4937 2.90785e-12 0
22.4937 0.1 0
22.5803 0.05 0
22.5803 -0.05 0
22.6669 3.08427e-12 0
22.6669 0.1 0
22.7535 0.05 0
22.7535 -0.05 0
22.8401 3.25889e-12 0
22.8401 -0.1 0
22.9267 -0.05 0
22.9267 0.05 0
23.0133 3.46734e-12 0
23.0133 0.1 0
23.0999 0.05 0
23.0999 -0.05 0
23.1865 3.63595e-12 0
23.1865 0.1 0
23.2731 0.05 0
23.2731 -0.05 0
23.3597 3.80321e-12 0
23.3597 -0.1 0
23.4463 -0.05 0
23.4463 0.05 0
23.5329 3.94736e-12 0
23.5329 0.1 0
23.6195 0.05 0
23.6195 -0.05 0
23.7061 4.10594e-12 0
23.7061 -0.1 0
23.7928 -0.05 0
23.7928 0.05 0
23.8794 4.27805e-12 0
23.8794 0.1 0
23.966 0.05 0
23.966 -0.05 0
24.0526 4.47135e-12 0
24.0526 0.1 0
24.0526 -0.1 0
24.1392 0.05 0
24.1392 0.15 0
5.05216 0.913202 0
5.43302 0.25 0
24.2258 0.1 0
24.2258 0.2 0
24.1392 0.25 0
0.0866025 0.45 0
5.34642 0.3 0
24.3124 0.15 0
24.3124 0.05 0
24.3124 0.25 0
5.43301 0.35 0
24.6536 0.913297 0
5.0866 -0.65 0
5.34641 0.4 0
5.43301 0.45 0
5.51962 -0.1 0
24.399 0.1 0
24.399 4.68112e-12 0
5.51962 0.4 0
5.51962 0.5 0
5.60622 0.45 0
24.9018 0.639226 0
5.34641 0.5 0
5.25981 0.45 0
24.4856 0.05 0
24.4856 -0.05 0
24.399 -0.1 0
24.4856 -0.15 0
24.399 -0.2 0
24.4856 -0.25 0
24.399 -0.3 0
24.4856 -0.35 0
24.399 -0.4 0
24.4856 -0.45 0
24.399 -0.5 0
24.3124 -0.45 0
22.4071 -0.15 0
22.3205 -0.2 0
22.4071 -0.25 0
22.3205 -0.3 0
22.4071 -0.35 0
22.3205 -0.4 0
22.4071 -0.45 0
22.4937 -0.4 0
22.2339 -0.35 0
22.2339 -0.45 0
22.1473 -0.4 0
22.1473 -0.5 0
22.0607 -0.45 0
22.4937 -0.5 0
22.5803 -0.45 0
22.0607 -0.55 0
21.9741 -0.5 0
23.966 -0.15 0
21.1947 -0.15 0
21.2813 -0.2 0
21.1947 -0.25 0
21.2813 -0.3 0
21.1947 -0.35 0
21.2813 -0.4 0
21.1947 -0.45 0
21.1081 -0.4 0
21.1081 -0.5 0
21.0215 -0.45 0
21.3679 -0.35 0
21.3679 -0.45 0
21.4545 -0.4 0
21.4545 -0.5 0
21.0215 -0.55 0
20.9349 -0.5 0
24.4856 0.15 0
23.2731 0.15 0
0.337657 0.0950866 0
22.9267 -0.15 0
18.7698 -0.15 0
18.8564 -0.2 0
18.7698 -0.25 0
18.8564 -0.3 0
18.7698 -0.35 0
18.8564 -0.4 0
18.7698 -0.45 0
18.6832 -0.4 0
18.8564 -0.5 0
18.943 -0.45 0
18.6832 -0.5 0
18.5966 -0.45 0
18.943 -0.55 0
19.0296 -0.5 0
18.5966 -0.55 0
18.51 -0.5 0
4.46391 0.905 0
1.45533 0.915971 0
18.2502 -0.15 0
2.35012 0.0813127 0
19.6358 0.15 0
19.5492 0.2 0
19.6358 0.25 0
19.5492 0.3 0
19.6358 0.35 0
19.5492 0.4 0
19.6358 0.45 0
19.7224 0.4 0
19.7224 0.5 0
19.809 0.45 0
19.4626 0.35 0
19.4626 0.45 0
19.376 0.4 0
19.376 0.5 0
19.2894 0.45 0
23.6195 -0.15 0
23.7061 -0.2 0
23.6195 -0.25 0
23.7061 -0.3 0
23.6195 -0.35 0
23.7061 -0.4 0
23.6195 -0.45 0
23.5329 -0.4 0
23.5329 -0.5 0
23.4463 -0.45 0
23.7061 -0.5 0
23.7928 -0.45 0
3.25883 0.0953011 0
6.29904 0.15 0
6.21244 0.2 0
6.29904 0.25 0
6.21244 0.3 0
6.29904 0.35 0
6.21244 0.4 0
6.29904 0.45 0
6.12583 0.35 0
6.12583 0.45 0
6.38564 0.4 0
6.38564 0.5 0
6.47224 0.45 0
24.6458 -0.915583 0
22.3365 0.90498 0
21.3444 0.910816 0
6.99186 -0.15 0
6.90526 -0.2 0
6.99186 -0.25 0
6.90526 -0.3 0
6.99186 -0.35 0
6.90526 -0.4 0
6.99186 -0.45 0
7.07846 -0.4 0
6.81865 -0.35 0
6.81865 -0.45 0
6.73205 -0.4 0
6.73205 -0.5 0
6.64545 -0.45 0
7.07846 -0.5 0
7.16506 -0.45 0
6.64545 -0.55 0
6.55885 -0.5 0
16.6913 0.15 0
16.6047 0.2 0
16.6913 0.25 0
16.6047 0.3 0
16.6913 0.35 0
16.6047 0.400003 0
16.6913 0.450004 0
16.7779 0.400001 0
16.5181 0.350001 0
16.5215 0.4541 0
16.4321 0.400683 0
16.7779 0.500001 0
16.8645 0.45 0
16.4344 0.503495 0
16.3455 0.450696 0
5.77942 0.15 0
17.211 0.15 0
8.03109 -0.15 0
7.94449 -0.2 0
8.03109 -0.25 0
7.94449 -0.3 0
8.03109 -0.35 0
7.94449 -0.4 0
7.85788 -0.35 0
7.85788 -0.45 0
7.77128 -0.4 0
7.77128 -0.5 0
7.68468 -0.45 0
8.03109 -0.45 0
8.11769 -0.4 0
7.68468 -0.55 0
8.11769 -0.5 0
8.20429 -0.45 0
3.95587 0.904499 0
3.04866 0.916568 0
2.05194 0.910821 0
0.954731 0.910958 0
24.1592 0.909919 0
23.75 0.913397 0
23.2464 0.907999 0
20.2467 0.910434 0
18.7448 0.907902 0
19.9822 -0.15 0
20.6751 0.15 0
20.5885 0.2 0
20.6751 0.25 0
20.5885 0.3 0
20.6751 0.35 0
20.5885 0.4 0
20.6751 0.45 0
20.7617 0.4 0
20.5019 0.35 0
20.5019 0.45 0
20.4153 0.4 0
20.7617 0.5 0
20.8483 0.45 0
20.4153 0.5 0
20.3286 0.45 0
7.83989 0.909862 0
19.8956 -0.2 0
19.9822 -0.25 0
19.8956 -0.3 0
19.9822 -0.35 0
19.8956 -0.4 0
19.9822 -0.45 0
20.0688 -0.4 0
20.0688 -0.5 0
20.1554 -0.45 0
19.8956 -0.5 0
19.809 -0.45 0
8.46149 0.900094 0
6.94832 0.92552 0
7.35887 0.909938 0
21.8478 0.925207 0
17.8354 0.904968 0
17.3486 0.915074 0
9.24352 -0.15 0
9.15692 -0.2 0
9.24352 -0.25 0
9.15692 -0.3 0
9.24352 -0.35 0
9.15692 -0.4 0
9.24352 -0.45 0
9.33013 -0.4 0
9.33013 -0.5 0
9.41673 -0.45 0
9.15692 -0.5 0
9.07032 -0.45 0
15.1563 0.907841 0
14.649 0.917538 0
14.161 0.907942 0
13.6559 0.904682 0
13.15 0.913397 0
12.6352 0.903245 0
12.1487 0.923418 0
11.6446 0.910845 0
11.1544 0.915962 0
10.6547 0.907931 0
10.1489 0.916509 0
9.66234 0.904913 0
9.15245 0.911944 0
17.3842 -0.15 0
17.2976 -0.2 0
17.3842 -0.25 0
17.2976 -0.3 0
17.3842 -0.35 0
17.2976 -0.4 0
17.3842 -0.45 0
17.4708 -0.4 0
17.4708 -0.5 0
17.5574 -0.45 0
17.2976 -0.5 0
17.211 -0.45 0
5.94494 0.915876 0
9.76314 -0.15 0
13.35 -0.91549 0
13.85 -0.913397 0
14.3513 -0.909328 0
14.8608 -0.904821 0
15.3515 -0.925656 0
17.9038 0.15 0
17.9038 -0.15 0
11.4952 0.15 0
11.4086 0.2 0
11.4952 0.25 0
11.4086 0.3 0
11.4952 0.35 0
11.4086 0.4 0
11.322 0.35 0
11.322 0.45 0
11.2354 0.4 0
11.4952 0.45 0
11.5818 0.4 0
10.6292 0.15 0
14.7861 -0.15 0
14.6995 -0.2 0
14.7861 -0.25 0
14.6995 -0.3 0
14.7861 -0.35 0
14.6995 -0.4 0
14.6129 -0.35 0
14.6129 -0.45 0
14.5263 -0.4 0
14.7861 -0.45 0
14.8727 -0.4 0
14.8727 -0.5 0
14.9593 -0.45 0
14.5263 -0.5 0
14.4397 -0.45 0
8.5507 -0.15 0
16.441 -0.904713 0
16.9504 -0.911028 0
17.9513 -0.925609 0
19.4414 -0.909957 0
20.437 -0.904867 0
22.9526 -0.911782 0
17.9904 0.2 0
17.9038 0.25 0
17.9904 0.3 0
17.9038 0.35 0
17.9904 0.4 0
17.9038 0.45 0
17.8172 0.4 0
17.8172 0.5 0
17.7306 0.45 0
17.9904 0.5 0
18.077 0.45 0
13.054 0.15 0
12.9674 0.2 0
13.054 0.25 0
12.9674 0.3 0
13.054 0.35 0
12.9688 0.397548 0
12.8811 0.349591 0
12.8806 0.449238 0
12.7942 0.399805 0
13.0557 0.44714 0
13.1409 0.399523 0
13.143 0.495923 0
13.2277 0.449241 0
12.7916 0.49984 0
12.7072 0.449941 0
8.89711 0.15 0
8.98372 0.2 0
8.89711 0.25 0
8.98372 0.3 0
8.89711 0.35 0
8.98372 0.4 0
8.89711 0.45 0
8.81051 0.4 0
8.98372 0.5 0
9.07032 0.45 0
8.81051 0.5 0
8.72391 0.45 0
7.33827 0.15 0
5.3489 -0.911135 0
6.15335 -0.921643 0
19.25 0.913397 0
18.2519 0.931865 0
24.9134 -0.65 0
8.64334 -0.904554 0
9.45 -0.913397 0
9.95821 -0.907747 0
10.4399 -0.910174 0
10.9517 -0.914367 0
11.4486 -0.925646 0
11.9396 -0.904799 0
12.4496 -0.911881 0
5.74793 -0.914902 0
12.85 -0.913397 0
11.8416 -0.15 0
13.054 -0.15 0
13.1406 -0.2 0
13.054 -0.25 0
13.1406 -0.3 0
13.054 -0.35 0
13.1406 -0.4 0
13.2272 -0.35 0
13.054 -0.45 0
12.9674 -0.4 0
13.2272 -0.45 0
13.3138 -0.4 0
13.3138 -0.5 0
13.4004 -0.45 0
12.9674 -0.5 0
12.8808 -0.45 0
10.1095 -0.15 0
10.1962 -0.2 0
10.1095 -0.25 0
10.1962 -0.3 0
10.1095 -0.35 0
10.1962 -0.4 0
10.2828 -0.35 0
10.2828 -0.45 0
10.3694 -0.4 0
10.1095 -0.45 0
0.0866025 0.65 0
5.60622 -0.15 0
5.51962 -0.2 0
5.60622 -0.25 0
5.51962 -0.3 0
5.60622 -0.35 0
5.51962 -0.4 0
5.60622 -0.45 0
5.69282 -0.4 0
5.51962 -0.5 0
5.69282 -0.5 0
5.77942 -0.45 0
12.0148 0.15 0
11.9282 0.2 0
12.0148 0.25 0
11.9282 0.3 0
12.0148 0.35 0
11.9282 0.4 0
12.0148 0.45 0
12.1014 0.4 0
12.1014 0.5 0
12.188 0.45 0
11.322 -0.15 0
10.0229 -0.4 0
13.7469 -0.15 0
22.8445 0.904473 0
19.8488 0.916531 0
14.0933 0.15 0
14.0067 0.2 0
14.0933 0.25 0
14.0067 0.3 0
14.0933 0.35 0
14.0067 0.4 0
14.0933 0.45 0
14.1799 0.4 0
14.1799 0.5 0
14.2665 0.45 0
14.0067 0.5 0
13.9201 0.45 0
15.1325 0.15 0
10.1095 0.15 0
11.2354 -0.2 0
11.322 -0.25 0
11.2354 -0.3 0
11.322 -0.35 0
11.2354 -0.4 0
11.322 -0.45 0
11.4086 -0.4 0
11.4086 -0.5 0
11.4952 -0.45 0
12.3612 -0.15 0
9.76314 0.15 0
13.7469 0.15 0
14.0933 -0.15 0
3.75 0.0845107 0
10.8024 -0.15 0
1.24932 0.0871461 0
12.2746 -0.2 0
12.3612 -0.25 0
12.2746 -0.3 0
12.3612 -0.35 0
12.2746 -0.4 0
12.3612 -0.45 0
12.2746 -0.5 0
12.188 -0.45 0
12.4478 -0.4 0
12.4478 -0.5 0
14.6129 0.15 0
4.14196 0.0953529 0
16.5181 -0.15 0
16.4315 -0.2 0
16.5181 -0.25 0
16.4315 -0.3 0
16.5181 -0.35 0
16.4315 -0.4 0
16.5181 -0.45 0
16.6047 -0.4 0
16.4315 -0.5 0
16.3449 -0.45 0
16.6047 -0.5 0
16.6913 -0.45 0
11.1488 -0.35 0
11.1488 -0.45 0
11.0622 -0.4 0
11.0622 -0.5 0
10.9756 -0.45 0
10.0229 0.2 0
10.1095 0.25 0
10.0229 0.3 0
10.1095 0.35 0
10.0229 0.4 0
10.1095 0.45 0
10.1962 0.4 0
10.0229 0.5 0
9.93634 0.45 0
10.1962 0.5 0
10.2828 0.45 0
8.5507 0.15 0
23.9425 -0.910035 0
3.55405 0.907972 0
2.56177 0.90488 0
10.7158 -0.2 0
6.03923 0.4 0
8.03109 0.15 0
7.59808 -0.5 0
19.4626 -0.15 0
19.376 -0.2 0
19.4626 -0.25 0
19.376 -0.3 0
19.4626 -0.35 0
19.376 -0.4 0
19.4626 -0.45 0
19.376 -0.5 0
7.25167 0.2 0
7.33827 0.25 0
7.25167 0.3 0
7.33827 0.35 0
7.25167 0.4 0
7.33827 0.45 0
7.42487 0.4 0
7.42487 0.5 0
7.51147 0.45 0
7.16506 0.35 0
7.16506 0.45 0
7.07846 0.4 0
7.07846 0.5 0
6.99186 0.45 0
18.2502 0.15 0
6.12583 -0.15 0
15.0459 0.2 0
15.1325 0.25 0
15.0459 0.3 0
15.1325 0.35 0
15.0459 0.4 0
15.1325 0.45 0
15.2191 0.4 0
15.0459 0.5 0
14.9593 0.45 0
15.2191 0.5 0
15.3057 0.45 0
23.1865 0.2 0
23.2731 0.25 0
23.1865 0.3 0
23.2731 0.35 0
23.1865 0.4 0
23.2731 0.45 0
23.3597 0.4 0
23.3597 0.5 0
23.4463 0.45 0
23.1865 0.5 0
23.0999 0.45 0
20.5019 -0.15 0
22.7535 0.15 0
22.2339 0.15 0
18.7698 0.15 0
18.6832 0.2 0
18.7698 0.25 0
18.6832 0.3 0
18.7698 0.35 0
18.6832 0.4 0
18.7698 0.45 0
18.6832 0.5 0
18.5966 0.45 0
2.85753 0.0922199 0
21.3679 0.15 0
21.4545 0.2 0
21.3679 0.25 0
21.4545 0.3 0
21.3679 0.35 0
21.4545 0.4 0
21.3679 0.45 0
21.5411 0.35 0
21.5411 0.45 0
21.6277 0.4 0
21.6277 0.5 0
21.7143 0.45 0
8.11769 0.2 0
8.03109 0.25 0
8.11769 0.3 0
8.03109 0.35 0
8.11769 0.4 0
8.03109 0.45 0
8.11769 0.5 0
8.20429 0.45 0
7.94449 0.4 0
23.7928 0.15 0
22.1473 0.2 0
22.2339 0.25 0
22.1473 0.3 0
22.2339 0.35 0
22.1473 0.4 0
22.2339 0.45 0
22.3205 0.4 0
22.3205 0.5 0
22.4071 0.45 0
18.8564 0.4 0
18.8564 0.5 0
0.739434 0.0901619 0
21.5411 -0.45 0
21.2813 0.4 0
21.2813 0.5 0
23.2731 -0.15 0
11.5818 0.5 0
10.0229 -0.5 0
9.93634 -0.45 0
22.1473 0.5 0
7.94449 0.5 0
11.9282 0.5 0
10.3694 -0.5 0
10.456 -0.45 0
6.03923 0.5 0
11.2354 0.5 0
11.1488 0.45 0
21.5537 -0.915552 0
20.8443 0.916093 0
24.9034 0.160638 0
24.9134 -0.25 0
23.4555 -0.920479 0
17.5456 -0.915649 0
8.20429 -0.55 0
8.2909 -0.5 0
8.205 0.548769 0
8.2898 0.497695 0
9.07032 -0.55 0
8.98372 -0.5 0
16.85 0.916737 0
7.14331 -0.910655 0
13.4004 -0.55 0
13.487 -0.5 0
6.44713 0.911737 0
22.55 -0.913397 0
5.25981 0.55 0
5.17321 0.5 0
19.95 -0.913397 0
13.0545 0.552808 0
17.211 -0.55 0
17.1244 -0.5 0
5.53873 0.905477 0
18.51 -0.6 0
18.4234 -0.55 0
14.9593 -0.55 0
15.0459 -0.5 0
8.03109 -0.55 0
17.7306 0.55 0
17.644 0.5 0
6.47224 0.55 0
6.55885 0.5 0
21.3679 0.55 0
18.077 0.55 0
18.1636 0.5 0
7.55208 -0.925285 0
11.322 -0.55 0
5.77942 -0.55 0
5.86603 -0.5 0
7.16506 -0.55 0
7.16506 0.55 0
16.8645 0.55 0
16.9512 0.5 0
22.5803 -0.55 0
22.6669 -0.5 0
9.93634 -0.55 0
9.84974 -0.5 0
19.4626 -0.55 0
24.4856 -0.55 0
24.3124 -0.55 0
24.2258 -0.5 0
12.1889 0.548488 0
12.2748 0.499748 0
17.5574 -0.55 0
17.644 -0.5 0
10.456 -0.55 0
10.5426 -0.5 0
23.7928 -0.55 0
22.4071 -0.55 0
23.4463 -0.55 0
23.3597 -0.5 0
11.4952 -0.55 0
11.5818 -0.5 0
11.1488 0.55 0
11.0622 0.5 0
20.8483 0.55 0
6.29904 0.55 0
11.4952 0.55 0
5.60622 0.55 0
22.4071 0.55 0
22.4937 0.5 0
6.99186 -0.55 0
21.5411 -0.55 0
16.6922 0.547825 0
7.51147 0.55 0
14.7861 -0.55 0
21.7143 0.55 0
10.2828 -0.55 0
21.9448 -0.910739 0
20.6754 0.549496 0
19.0402 -0.904763 0
13.2297 0.545673 0
13.3143 0.499152 0
10.9756 -0.55 0
21.3679 -0.55 0
12.8808 -0.55 0
9.41673 -0.55 0
14.9593 0.55 0
14.8727 0.5 0
12.188 -0.55 0
12.1014 -0.5 0
19.2894 0.55 0
19.809 0.55 0
19.8956 0.5 0
6.99186 0.55 0
23.4463 0.55 0
23.5329 0.5 0
15.3057 0.55 0
15.3923 0.5 0
18.5966 0.55 0
17.4708 -0.6 0
23.0999 0.55 0
23.0133 0.5 0
13.054 -0.55 0
16.3449 -0.55 0
16.2583 -0.5 0
16.3486 0.553611 0
16.259 0.500718 0
20.1554 -0.55 0
20.242 -0.5 0
14.4397 -0.55 0
14.3531 -0.5 0
12.7071 0.549936 0
6.55377 -0.909343 0
19.4626 0.55 0
16.6907 -0.548943 0
19.809 -0.55 0
9.93634 0.55 0
9.84974 0.5 0
14.2665 0.55 0
14.3531 0.5 0
9.07032 0.55 0
9.15692 0.5 0
20.3286 0.55 0
10.2828 0.55 0
10.3694 0.5 0
13.9201 0.55 0
13.8335 0.5 0
8.72391 0.55 0
23.5329 -0.6 0
21.2813 0.6 0
11.0622 0.6 0
10.9756 0.55 0
20.9423 -0.904623 0
9.84974 -0.6 0
5.43301 -0.45 0
5.43301 -0.55 0
5.43301 -0.25 0
10.9756 0.45 0
10.889 0.5 0
15.3923 0.4 0
15.4789 0.45 0
15.4789 0.55 0
15.5655 0.5 0
15.5655 0.4 0
15.6521 0.45 0
15.6521 0.55 0
15.7387 0.5 0
15.7387 0.6 0
15.8253 0.55 0
15.8253 0.45 0
9.67654 -0.2 0
16.2585 0.400236 0
22.0607 0.35 0
12.1014 0.6 0
9.33013 -0.6 0
12.2746 -0.6 0
17.1244 -0.6 0
19.7224 0.6 0
13.3138 -0.6 0
23.0133 0.6 0
22.9267 0.55 0
13.487 -0.6 0
13.5737 -0.55 0
8.11769 0.6 0
5.51962 0.6 0
22.3205 0.6 0
8.2909 -0.6 0
8.3775 -0.55 0
8.30505 0.602336 0
16.604 -0.598766 0
19.8956 0.6 0
12.1014 -0.6 0
12.0148 -0.55 0
24.5722 4.68182e-12 0
24.5722 -0.2 0
24.5722 -0.4 0
10.3694 0.6 0
10.456 0.55 0
22.8401 -0.2 0
22.9267 -0.25 0
8.3775 -0.45 0
8.4641 -0.5 0
18.4234 -0.45 0
18.3368 -0.5 0
20.1554 0.15 0
17.1244 0.2 0
17.211 0.25 0
19.9822 0.55 0
17.8172 -0.2 0
17.9038 -0.25 0
9.50333 -0.5 0
9.50333 -0.6 0
7.85788 0.45 0
7.85788 0.55 0
19.9822 0.15 0
8.98372 -0.4 0
8.89711 -0.45 0
8.89711 -0.55 0
8.81051 -0.5 0
8.81051 -0.6 0
9.15692 0.4 0
9.24352 0.45 0
9.24352 0.55 0
9.33013 0.5 0
14.3531 -0.4 0
14.2665 -0.45 0
14.2665 -0.55 0
14.1799 -0.5 0
7.33827 -0.15 0
12.6209 0.49999 0
12.6209 0.599961 0
15.0459 -0.4 0
15.1325 -0.45 0
15.1325 -0.55 0
15.2191 -0.5 0
12.0148 -0.45 0
12.5344 -0.45 0
12.5344 -0.55 0
11.9282 -0.5 0
11.9282 -0.6 0
12.5344 0.15 0
12.4478 0.2 0
19.1162 0.15 0
5.95263 0.45 0
5.95263 0.55 0
13.487 -0.4 0
14.5263 0.2 0
14.6129 0.25 0
11.755 -0.2 0
20.4153 -0.2 0
20.5019 -0.25 0
19.0296 -0.4 0
6.47224 -0.15 0
6.38564 -0.2 0
10.5426 0.2 0
10.6292 0.25 0
7.25167 -0.5 0
15.9119 0.5 0
15.9119 0.4 0
18.51 0.5 0
18.51 0.6 0
10.889 -0.5 0
10.889 -0.6 0
17.1244 -0.4 0
7.51147 -0.15 0
6.03923 -0.2 0
6.12583 -0.25 0
16.7778 -0.499824 0
16.7779 -0.6 0
6.81865 0.15 0
6.73205 0.2 0
8.63731 0.5 0
21.8875 0.15 0
6.90526 0.5 0
6.90526 0.6 0
21.0215 0.15 0
18.943 0.45 0
18.943 0.55 0
22.9267 0.45 0
24.2258 -0.4 0
21.7143 -0.15 0
21.6277 -0.5 0
21.8875 -0.15 0
21.1947 0.45 0
22.6669 0.2 0
24.1392 -0.45 0
24.1392 -0.55 0
22.8401 0.5 0
14.0075 0.596683 0
13.8335 0.6 0
13.7469 0.55 0
5.69282 -0.6 0
21.1081 -0.6 0
20.9349 -0.6 0
20.8483 -0.55 0
20.8483 -0.45 0
20.7617 -0.5 0
17.9904 0.6 0
8.4641 -0.6 0
8.81051 0.6 0
8.63731 0.6 0
22.8401 0.6 0
20.4153 0.6 0
15.2191 -0.6 0
15.3057 -0.55 0
15.3057 -0.45 0
15.3923 -0.5 0
15.3923 -0.6 0
15.4789 -0.55 0
15.4789 -0.45 0
15.5655 -0.5 0
10.0229 -0.6 0
10.0229 0.6 0
14.3531 0.6 0
14.4397 0.55 0
19.376 -0.6 0
14.4397 0.65 0
14.5263 0.6 0
14.5263 -0.6 0
9.84974 0.6 0
9.76314 0.55 0
5.17321 0.6 0
5.0866 0.55 0
21.6252 -0.595706 0
0.254741 0.910802 0
0.0866025 0.25 0
20.0688 -0.6 0
16.4405 0.612711 0
6.73205 -0.6 0
11.2354 0.6 0
20.242 -0.6 0
20.3286 -0.55 0
16.2583 -0.6 0
16.1717 -0.55 0
16.1717 -0.45 0
16.0851 -0.5 0
16.0851 -0.6 0
15.9985 -0.55 0
15.9985 -0.45 0
15.9119 -0.5 0
15.9119 -0.6 0
16.2606 0.601379 0
6.55885 -0.6 0
6.47224 -0.55 0
6.03923 0.6 0
20.7617 -0.6 0
20.6751 -0.55 0
23.3597 -0.6 0
23.2731 -0.55 0
23.3597 0.6 0
10.5426 -0.6 0
18.8564 -0.6 0
18.8564 0.6 0
17.644 -0.6 0
17.7306 -0.55 0
15.0459 0.6 0
23.5329 0.6 0
23.6195 0.55 0
23.6195 0.45 0
23.7061 0.5 0
22.1473 -0.6 0
9.33005 0.600137 0
9.41672 0.550023 0
9.41673 0.450004 0
19.0296 -0.6 0
16.9512 0.6 0
17.0378 0.55 0
7.25167 -0.6 0
14.8727 0.6 0
21.9741 -0.6 0
17.644 0.6 0
17.5574 0.55 0
17.5574 0.45 0
17.4708 0.5 0
17.4708 0.6 0
17.3842 0.55 0
6.55885 0.6 0
14.1799 -0.6 0
14.0933 -0.55 0
11.0622 -0.6 0
18.3368 -0.6 0
18.2502 -0.55 0
18.1636 0.6 0
15.5655 -0.6 0
5.86603 -0.6 0
5.95263 -0.55 0
22.6669 -0.6 0
22.7535 -0.55 0
13.3122 0.595476 0
13.4003 0.549105 0
13.4005 0.44971 0
15.9119 0.6 0
10.889 0.6 0
10.8024 0.55 0
7.77128 -0.6 0
21.6277 0.6 0
12.2757 0.598194 0
7.42487 0.6 0
23.7061 0.6 0
23.7928 0.55 0
7.59808 -0.6 0
11.5818 -0.6 0
11.5818 0.6 0
12.7952 0.597016 0
22.4937 0.6 0
10.456 0.65 0
20.6752 -0.649835 0
20.7617 -0.4 0
18.2502 -0.45 0
18.1636 -0.5 0
18.1636 -0.6 0
18.077 -0.55 0
22.5803 -0.35 0
18.1636 -0.4 0
5.34641 -0.5 0
5.34641 -0.6 0
8.3775 -0.15 0
23.8794 0.2 0
18.4234 -0.15 0
15.8253 0.35 0
5.17333 -0.1 0
16.8645 0.35 0
10.889 0.4 0
14.0933 -0.45 0
14.0067 -0.5 0
14.0067 -0.6 0
13.9201 -0.55 0
13.9201 -0.45 0
16.7779 -0.399971 0
8.81051 -0.4 0
10.9756 0.35 0
9.76314 0.45 0
17.5574 -0.35 0
12.188 0.35 0
11.8416 0.25 0
15.5655 -0.4 0
13.7469 0.45 0
9.41673 -0.35 0
8.29071 0.399616 0
14.8727 0.4 0
14.7861 0.45 0
10.456 -0.35 0
17.4708 0.4 0
18.51 0.4 0
19.5492 -0.3 0
19.9822 0.45 0
15.9119 -0.4 0
5.0866 0.45 0
5 0.5 0
5.00156 0.596892 0
4.91354 0.549275 0
4.91342 0.449879 0
4.82682 0.499859 0
4.82327 0.594727 0
4.73967 0.549156 0
4.74011 0.449836 0
4.65349 0.499832 0
4.65305 0.599079 0
4.56688 0.549818 0
4.56699 0.45 0
4.48037 0.49997 0
4.48036 0.599965 0
4.39378 0.549989 0
4.39378 0.449993 0
4.30718 0.499997 0
4.30718 0.399998 0
4.22058 0.449999 0
4.22058 0.549999 0
4.13397 0.5 0
4.13397 0.6 0
4.04737 0.55 0
4.04737 0.45 0
3.96077 0.5 0
3.96077 0.4 0
3.87417 0.45 0
3.87417 0.55 0
3.78756 0.5 0
3.78756 0.4 0
3.70096 0.45 0
3.70096 0.55 0
3.61436 0.5 0
3.61436 0.4 0
3.52776 0.45 0
3.52776 0.55 0
3.44115 0.5 0
3.44115 0.6 0
3.35455 0.55 0
3.35455 0.45 0
3.26795 0.5 0
3.26795 0.6 0
3.18101 0.549411 0
3.18129 0.449902 0
3.09468 0.499885 0
3.0943 0.599294 0
3.00806 0.549863 0
3.00814 0.449989 0
2.92152 0.499975 0
2.92152 0.599973 0
2.83493 0.549991 0
2.83493 0.449994 0
2.74833 0.499998 0
2.74833 0.399999 0
2.66173 0.449999 0
2.66173 0.55 0
2.57513 0.5 0
2.57513 0.6 0
2.48853 0.55 0
2.49033 0.448278 0
2.40312 0.497991 0
2.40212 0.599665 0
2.31555 0.549609 0
2.31645 0.447878 0
2.22895 0.499581 0
2.23071 0.396441 0
2.14249 0.449337 0
2.14222 0.54982 0
2.05559 0.499859 0
2.05554 0.599947 0
1.96893 0.549968 0
1.96893 0.449971 0
1.88231 0.5 0
1.88233 0.599949 0
1.79574 0.549943 0
1.79571 0.449991 0
1.70911 0.499989 0
1.70911 0.599889 0
1.6225 0.55 0
1.6225 0.449998 0
1.5359 0.5 0
1.5359 0.6 0
1.4493 0.55 0
1.4493 0.45 0
1.36269 0.5 0
1.36269 0.6 0
1.27609 0.55 0
1.27609 0.45 0
1.18949 0.5 0
1.18949 0.6 0
1.10289 0.55 0
1.10289 0.45 0
1.01628 0.5 0
1.01628 0.6 0
0.929681 0.55 0
0.929681 0.45 0
0.843078 0.5 0
0.843078 0.6 0
0.756476 0.55 0
0.756476 0.45 0
0.669873 0.5 0
0.669873 0.6 0
0.58327 0.55 0
0.58327 0.45 0
0.496668 0.5 0
0.496668 0.4 0
0.496668 0.6 0
0.410065 0.55 0
23.2731 -0.45 0
23.1865 -0.5 0
23.1865 -0.6 0
23.0999 -0.55 0
21.8009 0.5 0
21.8009 0.6 0
23.1865 -0.4 0
18.45 -0.913397 0
9.41663 0.650164 0
13.4002 0.652281 0
18.5966 -0.65 0
8.89711 -0.65 0
10.8024 0.65 0
18.5966 0.65 0
23.0999 0.65 0
23.0999 -0.65 0
23.7928 0.65 0
23.8794 0.6 0
23.8794 0.5 0
23.966 0.55 0
6.99186 0.65 0
11.4952 0.65 0
4.39378 0.649992 0
5.60553 0.648804 0
0.410065 0.65 0
7.51147 0.65 0
0.58327 0.35 0
10.2831 0.64939 0
18.077 -0.65 0
6.47224 -0.65 0
6.38564 -0.6 0
6.38564 -0.5 0
6.29904 -0.55 0
6.29987 -0.648552 0
20.3286 -0.65 0
3.52776 0.35 0
17.7306 0.65 0
5.43301 -0.65 0
14.2665 0.65 0
21.3679 0.65 0
15.1325 -0.65 0
23.966 0.65 0
24.0526 0.6 0
9.76314 0.65 0
2.66173 0.35 0
19.4626 -0.65 0
2.14214 0.649961 0
18.943 0.65 0
16.3449 -0.65 0
21.538 -0.644741 0
4.04737 0.35 0
22.7535 -0.65 0
5.95263 -0.65 0
4.04737 0.65 0
13.7469 0.65 0
9.24455 0.652094 0
2.14531 0.344425 0
15.6521 0.65 0
15.7387 0.7 0
5.95263 0.65 0
5.25981 0.65 0
14.4397 -0.65 0
2.66173 0.65 0
10.456 -0.65 0
17.0378 0.65 0
20.3286 0.65 0
16.8656 0.648142 0
7.16506 -0.65 0
2.83494 0.349999 0
13.2143 0.6463 0
13.5737 -0.65 0
17.7306 -0.65 0
13.921 -0.648363 0
6.47224 0.65 0
3.52776 0.65 0
3.44115 0.7 0
19.9826 0.649419 0
22.5803 -0.65 0
17.3842 0.65 0
2.31614 0.346903 0
4.39378 0.349999 0
8.20429 -0.65 0
17.211 -0.65 0
17.1244 -0.7 0
11.4952 -0.65 0
8.2909 -0.7 0
22.8401 -0.3 0
20.5885 -0.599972 0
20.5885 -0.499995 0
21.0215 -0.35 0
17.9904 -0.6 0
17.9904 -0.5 0
8.72391 -0.45 0
8.4641 -0.4 0
17.0378 0.45 0
22.8401 -0.6 0
18.5966 -0.35 0
23.7061 0.4 0
20.4153 0.3 0
23.966 0.45 0
23.4463 0.35 0
19.1162 -0.55 0
19.1162 -0.65 0
17.8172 -0.3 0
8.20429 -0.35 0
17.1244 0.6 0
17.1244 0.7 0
15.9119 0.3 0
5.95263 0.35 0
19.809 0.35 0
9.58993 -0.55 0
9.58993 -0.65 0
7.51147 0.35 0
7.59808 0.4 0
19.376 0.3 0
8.72391 -0.35 0
21.1081 0.2 0
10.7158 0.6 0
10.7158 0.5 0
18.1636 0.4 0
7.25167 -0.4 0
20.0689 0.599903 0
9.24352 0.35 0
8.89711 -0.15 0
6.64545 -0.35 0
14.1799 -0.2 0
9.93634 -0.35 0
11.6684 0.45 0
9.58993 -0.45 0
7.59808 0.6 0
11.9282 -0.4 0
11.4952 -0.35 0
12.5344 -0.35 0
13.2273 0.349853 0
11.2354 0.3 0
12.0148 -0.35 0
14.5263 -0.3 0
13.8336 -0.599727 0
12.7943 0.299899 0
14.5263 0.3 0
14.2665 0.35 0
7.85788 0.35 0
12.5344 0.25 0
20.1554 -0.35 0
12.4478 0.3 0
15.1325 -0.15 0
13.3138 -0.3 0
19.1162 -0.15 0
13.6603 0.6 0
12.7942 -0.5 0
12.7942 -0.6 0
12.7942 -0.4 0
12.8808 -0.65 0
11.6684 -0.55 0
11.6684 -0.65 0
12.5344 0.549992 0
12.5344 0.649992 0
13.5737 -0.15 0
10.9756 -0.35 0
15.2191 -0.2 0
15.4789 -0.35 0
11.6684 -0.45 0
8.63731 0.2 0
8.5507 0.25 0
15.6521 -0.45 0
15.6521 -0.35 0
9.67654 0.5 0
9.67654 0.4 0
10.2828 0.35 0
17.7306 0.35 0
10.456 0.45 0
18.2502 0.45 0
20.3286 -0.45 0
6.55885 0.4 0
19.2894 -0.35 0
5.77942 -0.35 0
10.8024 -0.55 0
10.8024 -0.65 0
10.8024 -0.45 0
7.77128 -0.3 0
16.4316 0.300114 0
17.0378 -0.15 0
16.9512 -0.2 0
5.86603 0.4 0
6.03923 -0.3 0
15.9985 -0.35 0
18.943 0.35 0
16.1718 0.450081 0
16.1718 0.350053 0
7.33827 -0.45 0
16.8645 -0.449966 0
19.7224 -0.5 0
19.7224 -0.6 0
19.809 -0.65 0
5.69282 0.2 0
7.59808 -0.4 0
6.99186 0.35 0
6.29904 -0.45 0
21.7143 0.35 0
8.37607 0.447452 0
23.3597 -0.2 0
6.21244 -0.5 0
6.64545 0.45 0
22.4071 0.35 0
20.8483 0.35 0
17.0378 -0.65 0
21.5411 -0.35 0
19.0296 0.6 0
19.0296 0.4 0
5.69271 0.599801 0
21.8875 0.55 0
21.8875 0.65 0
22.0607 -0.35 0
20.9349 0.4 0
22.7535 0.25 0
22.9267 -0.35 0
22.6669 0.3 0
21.7139 -0.549284 0
21.7142 -0.449881 0
21.7053 -0.65846 0
24.3124 -0.15 0
24.1392 -0.35 0
24.0526 -0.4 0
22.5803 0.55 0
22.5803 0.65 0
4.30718 0.3 0
21.2813 0.7 0
21.1947 0.65 0
14.0122 -0.691895 0
20.5893 -0.697375 0
13.487 -0.7 0
22.4937 0.7 0
3.61436 0.3 0
12.7942 -0.7 0
20.4106 0.7 0
0.496668 0.3 0
0.410065 0.35 0
15.2191 -0.7 0
19.376 -0.7 0
21.8009 0.7 0
14.5263 -0.7 0
14.5263 0.7 0
14.6129 0.65 0
5.17321 0.7 0
0.496668 0.7 0
6.90526 0.7 0
6.81865 0.65 0
0.323463 0.6 0
23.7061 0.7 0
5.86603 -0.7 0
4.13397 0.7 0
18.51 0.7 0
18.4234 0.65 0
18.4234 0.75 0
8.81051 -0.7 0
8.72391 -0.65 0
10.889 0.7 0
6.03923 0.7 0
22.8401 -0.7 0
23.0133 0.7 0
10.5426 -0.7 0
6.81865 0.75 0
18.8564 0.7 0
4.48038 0.699993 0
5.51881 0.698605 0
7.25167 -0.7 0
7.33827 -0.65 0
19.7224 -0.7 0
24.0526 0.7 0
24.1392 0.65 0
24.1392 0.55 0
24.2258 0.6 0
24.2258 0.5 0
24.3124 0.55 0
24.3124 0.65 0
24.399 0.6 0
24.399 0.5 0
24.4856 0.55 0
24.4856 0.45 0
24.5722 0.5 0
24.5722 0.6 0
24.5722 0.4 0
24.6588 0.45 0
24.6588 0.35 0
24.399 0.7 0
17.644 -0.7 0
17.644 0.7 0
6.55885 0.7 0
19.0296 -0.7 0
20.0692 0.699306 0
18.1636 -0.7 0
13.837 -0.692894 0
20.7618 -0.699807 0
6.55885 -0.7 0
7.42487 0.7 0
20.242 -0.7 0
0.323463 0.7 0
5.34641 -0.7 0
11.5818 0.7 0
11.6684 0.65 0
10.7158 0.7 0
9.84974 0.7 0
23.1865 -0.7 0
10.889 -0.7 0
10.8042 -0.754466 0
18.51 -0.7 0
18.5966 -0.75 0
2.05552 0.699985 0
5.68731 0.691932 0
23.0999 -0.75 0
16.2583 -0.7 0
13.6603 0.7 0
3.96077 0.3 0
9.50333 -0.7 0
7.59808 0.7 0
13.8455 0.711029 0
19.8955 0.69841 0
19.0296 0.7 0
17.9904 -0.7 0
2.57513 0.7 0
12.614 0.700716 0
12.5337 0.750031 0
24.8533 0.914215 0
24.8524 -0.918641 0
5.08437 -0.846132 0
11.4952 0.75 0
21.1947 0.75 0
21.1081 0.7 0
22.7535 -0.25 0
23.7061 -0.6 0
23.7928 -0.65 0
23.8794 -0.6 0
23.7061 -0.7 0
23.8794 -0.7 0
23.7928 -0.25 0
2.83493 0.649994 0
2.92154 0.699995 0
21.0215 -0.15 0
20.9349 -0.2 0
18.2502 -0.35 0
18.1636 -0.3 0
6.12583 0.65 0
22.4937 -0.2 0
23.0133 -0.2 0
7.33827 0.65 0
7.94449 0.6 0
7.85788 0.65 0
7.94449 0.7 0
17.4708 -0.2 0
5.25981 -0.55 0
5.25981 -0.45 0
15.8253 0.25 0
8.11769 -0.2 0
19.809 -0.25 0
17.4708 0.7 0
15.9985 0.55 0
15.9985 0.65 0
23.6195 0.35 0
18.077 -0.35 0
9.76314 -0.25 0
16.7779 0.2 0
17.2976 0.2 0
17.2976 0.3 0
17.211 0.35 0
7.33827 -0.35 0
17.7306 -0.25 0
16.2584 0.300048 0
16.3449 -0.25 0
7.25167 -0.3 0
6.38564 0.2 0
10.7158 0.2 0
14.0933 -0.25 0
9.24352 0.15 0
9.33013 0.2 0
20.1554 -0.15 0
8.5507 -0.55 0
8.5507 -0.65 0
8.72391 -0.15 0
7.77128 0.5 0
10.9756 0.15 0
12.3612 0.25 0
6.47224 -0.25 0
10.7158 0.3 0
11.6684 0.35 0
15.2191 0.2 0
12.4478 -0.6 0
12.5344 -0.65 0
12.4478 -0.7 0
12.8808 -0.15 0
10.889 0.3 0
9.76314 0.35 0
9.67654 0.3 0
14.2665 -0.65 0
9.15692 0.3 0
7.51147 0.15 0
14.4397 0.25 0
7.59808 0.2 0
9.15692 -0.6 0
9.07032 -0.65 0
9.15692 -0.7 0
9.07017 -0.750264 0
12.0148 -0.15 0
14.1799 0.2 0
9.07032 -0.25 0
15.2191 0.6 0
15.3057 0.65 0
15.2191 0.7 0
11.4952 -0.15 0
11.5818 -0.2 0
18.5966 0.25 0
9.33013 -0.2 0
14.0067 -0.2 0
9.93634 0.25 0
12.5344 -0.15 0
13.2272 0.15 0
13.3138 0.2 0
13.487 0.5 0
13.4871 0.399952 0
13.9201 0.25 0
11.4086 0.7 0
12.4477 0.700004 0
12.1014 0.2 0
14.6995 0.2 0
11.5818 0.2 0
12.188 -0.25 0
20.5885 -0.2 0
20.5885 -0.3 0
20.6751 -0.25 0
12.621 -0.2 0
12.7942 -0.2 0
13.5737 0.15 0
13.487 0.2 0
13.5737 0.25 0
12.621 0.2 0
15.9119 0.7 0
14.9593 0.25 0
14.6129 -0.65 0
14.1805 -0.69883 0
5.69282 -0.2 0
14.5263 0.5 0
9.50331 0.600031 0
9.50331 0.700033 0
10.9756 -0.15 0
19.7224 -0.4 0
8.3775 0.15 0
16.6913 -0.15 0
16.7779 -0.2 0
10.8024 -0.25 0
7.85788 0.15 0
7.77128 0.2 0
14.8727 -0.2 0
10.2828 0.15 0
10.3694 0.2 0
10.7158 -0.3 0
10.6292 -0.25 0
9.58993 0.35 0
18.077 0.25 0
17.5574 0.35 0
10.0229 -0.2 0
8.98372 0.6 0
9.07032 0.65 0
8.98372 0.7 0
17.211 -0.25 0
18.2502 0.35 0
10.6292 0.35 0
14.6129 0.35 0
8.3775 -0.35 0
17.7306 0.15 0
18.943 -0.25 0
20.5057 0.659819 0
18.6832 -0.2 0
16.1717 0.250017 0
15.6521 0.35 0
15.5655 0.3 0
6.55885 -0.2 0
17.4708 0.3 0
7.07846 -0.2 0
18.4234 0.15 0
8.2909 0.2 0
17.9904 -0.2 0
23.6195 0.15 0
18.943 0.15 0
20.242 -0.2 0
23.4463 0.15 0
20.5019 -0.35 0
5.95263 -0.25 0
15.8253 -0.55 0
15.8253 -0.65 0
15.9119 -0.7 0
15.8253 -0.75 0
15.9119 -0.3 0
15.6521 0.25 0
18.6832 -0.7 0
18.3368 0.7 0
21.7143 0.15 0
6.99186 0.15 0
22.9267 0.15 0
23.0133 0.2 0
8.4641 -0.7 0
6.81865 0.25 0
8.3775 0.25 0
20.242 0.5 0
20.242 0.4 0
8.55548 0.55 0
8.55627 0.65 0
8.63823 0.7 0
22.4071 0.15 0
7.51147 -0.55 0
15.7387 -0.7 0
2.31539 0.649879 0
2.40197 0.699924 0
19.7224 0.2 0
6.03923 -0.6 0
6.03923 -0.7 0
19.1162 0.65 0
7.51147 -0.65 0
7.59808 -0.7 0
6.03923 -0.5 0
19.2028 0.5 0
8.5515 0.45 0
20.7617 0.2 0
21.8875 0.45 0
22.9267 0.25 0
21.1081 0.6 0
23.8794 0.4 0
19.2028 0.4 0
22.5803 0.25 0
21.0215 0.65 0
21.9741 0.6 0
21.9741 0.7 0
24.1392 0.45 0
23.966 -0.65 0
24.4856 0.35 0
0.323463 0.5 0
22.0607 0.65 0
23.966 0.35 0
6.4722 -0.750046 0
20.3286 -0.750039 0
19.1149 -0.747795 0
19.1149 0.747795 0
19.2026 0.699633 0
17.7306 0.75 0
17.8172 0.7 0
5.43301 -0.75 0
5.51962 -0.7 0
12.5344 -0.750842 0
9.76314 0.75 0
19.8079 -0.748083 0
19.8955 -0.699681 0
2.14212 0.749991 0
4.39482 0.748203 0
16.3449 -0.75 0
16.4315 -0.7 0
4.04737 0.25 0
8.55374 0.75 0
8.4641 0.7 0
8.5507 -0.75 0
0.23686 0.55 0
4.04737 0.75 0
3.96077 0.7 0
23.0999 0.748225 0
23.1865 0.699704 0
15.9994 0.748421 0
16.0853 0.699737 0
16.0862 0.798114 0
16.1744 0.749791 0
8.89806 -0.748358 0
18.5972 0.748219 0
5.26011 0.751573 0
14.4397 -0.75 0
14.4397 0.75 0
2.66173 0.75 0
17.0377 -0.751263 0
16.9511 -0.70021 0
23.7938 0.74816 0
6.99294 0.748121 0
7.07864 0.699687 0
2.83494 0.75 0
14.2666 -0.749805 0
7.51031 -0.747982 0
24.3112 0.747945 0
9.07032 0.75 0
20.3279 0.750151 0
13.5751 -0.747448 0
13.4922 -0.81404 0
13.4004 -0.75 0
4.94716 0.0915296 0
0.584555 0.252224 0
0.670087 0.300371 0
8.72248 -0.747525 0
20.4135 0.798845 0
12.8822 -0.747687 0
12.9677 -0.699614 0
12.969 -0.797237 0
13.0543 -0.749475 0
0.0959736 0.843225 0
0.152899 0.0886399 0
22.5817 0.747668 0
22.6671 0.699611 0
22.6685 0.797215 0
22.7538 0.749471 0
21.0201 0.747606 0
20.9346 0.699601 0
24.7437 0.4 0
24.7434 0.3 0
24.7451 0.5 0
24.6585 0.25 0
24.7426 0.204078 0
9.41513 0.751229 0
9.50235 0.81464 0
2.31409 0.747796 0
2.40113 0.814197 0
3.52626 0.252594 0
3.4409 0.300432 0
3.43937 0.203098 0
3.35421 0.250588 0
9.59107 -0.74804 0
9.67673 -0.699673 0
0.408934 0.25196 0
0.323274 0.300327 0
11.67 0.747298 0
11.7553 0.69955 0
11.755 0.599925 0
11.8417 0.649912 0
0.23686 0.45 0
2.92045 0.79812 0
3.00634 0.746949 0
21.3694 0.747284 0
21.4547 0.699547 0
15.1309 -0.747275 0
15.0456 -0.699546 0
15.044 -0.796745 0
14.9589 -0.749382 0
4.39482 0.251795 0
4.48056 0.300299 0
4.305 0.185707 0
23.9676 -0.747236 0
24.0528 -0.699539 0
20.4144 -0.698596 0
22.8401 -0.4 0
22.9267 -0.45 0
20.5019 -0.549995 0
23.0133 -0.7 0
17.9038 -0.35 0
5.34646 0.700262 0
17.9038 -0.65 0
17.9031 -0.748218 0
20.8483 -0.35 0
4.22058 0.25 0
17.211 0.65 0
17.211 0.75 0
17.211 0.55 0
21.9741 0.2 0
21.8875 0.25 0
23.7928 0.25 0
8.4641 -0.3 0
4.30735 0.699699 0
20.2419 0.700025 0
17.8172 -0.4 0
19.2026 -0.699633 0
8.63731 -0.4 0
5.17321 -0.5 0
24.2258 -0.3 0
5.77942 0.25 0
5.86603 0.2 0
23.5329 -0.2 0
19.2894 -0.55 0
19.2028 -0.2 0
20.1554 0.45 0
20.1554 0.35 0
20.242 0.3 0
15.9119 0.2 0
10.5426 0.6 0
10.5426 0.7 0
10.456 0.75 0
9.67654 -0.5 0
15.5655 0.2 0
15.4789 0.25 0
8.63731 -0.3 0
9.84974 -0.2 0
14.0067 -0.3 0
13.9201 -0.25 0
21.1947 0.35 0
13.6602 -0.699061 0
18.3368 0.4 0
18.3368 0.3 0
14.1799 -0.3 0
14.2665 -0.25 0
15.7387 -0.4 0
15.7387 -0.3 0
15.6521 -0.25 0
7.42487 -0.4 0
7.42487 -0.3 0
8.81051 -0.3 0
9.58993 0.25 0
9.50333 0.3 0
11.755 0.4 0
13.5757 0.646384 0
13.5614 0.746822 0
11.8416 -0.25 0
12.6209 0.399988 0
11.0622 -0.2 0
9.67654 -0.3 0
9.58993 -0.25 0
9.76314 -0.35 0
15.1325 -0.35 0
15.0459 -0.3 0
12.621 -0.70014 0
12.7076 -0.45 0
11.8416 -0.55 0
11.8416 -0.65 0
11.9282 -0.7 0
11.8416 -0.75 0
13.5737 0.449992 0
11.755 -0.3 0
18.6833 0.699703 0
7.68468 0.65 0
7.68593 0.747829 0
12.3614 0.549657 0
12.8808 -0.25 0
12.3612 0.35 0
12.4478 0.4 0
10.6292 -0.35 0
16.8645 -0.349989 0
12.7076 -0.35 0
14.4397 0.35 0
13.4005 0.349944 0
8.81051 0.2 0
14.7861 0.35 0
8.63731 0.3 0
21.2813 0.2 0
16.2583 0.200011 0
19.1162 -0.25 0
6.21244 -0.2 0
9.58993 0.75 0
19.0296 0.3 0
17.2976 0.4 0
19.6358 -0.15 0
6.38564 -0.3 0
21.6277 0.2 0
16.6913 -0.25 0
15.9985 0.25 0
6.73205 0.3 0
6.64545 0.25 0
10.6292 -0.55 0
17.644 0.2 0
17.0378 -0.25 0
7.07846 0.2 0
23.2731 -0.25 0
16.0851 0.4 0
10.7161 -0.700744 0
18.3368 0.6 0
17.0378 -0.45 0
19.6358 -0.45 0
6.47224 -0.35 0
23.3597 -0.3 0
15.9985 -0.25 0
16.0851 -0.3 0
5.95263 -0.35 0
6.21244 -0.3 0
5.60622 0.35 0
5.69282 0.4 0
23.0133 0.3 0
19.5492 -0.6 0
19.5492 -0.7 0
21.0215 0.55 0
6.73205 0.7 0
6.73205 0.6 0
23.966 -0.55 0
6.12583 -0.65 0
5.86603 0.6 0
5.86232 0.6937 0
16.9511 -0.600035 0
23.1865 -0.2 0
20.9349 0.3 0
6.81865 0.35 0
21.0215 0.35 0
24.1392 -0.25 0
23.0133 -0.4 0
21.8008 -0.499861 0
21.8009 -0.399957 0
21.7143 -0.349973 0
22.8401 0.4 0
22.7535 0.45 0
24.2258 0.4 0
22.5803 0.35 0
21.8009 -0.299988 0
21.8875 -0.349991 0
24.6583 0.15068 0
24.7454 0.1 0
8.20358 -0.748215 0
8.11757 -0.699703 0
8.29398 -0.814247 0
17.0375 0.757936 0
7.33662 0.747139 0
7.25139 0.699523 0
22.0624 0.747117 0
22.1476 0.69952 0
22.1497 0.79879 0
22.2344 0.749718 0
17.1238 -0.799652 0
15.3048 0.748208 0
15.3921 0.699701 0
14.5251 -0.797925 0
14.5251 0.797925 0
5.17409 0.800006 0
5.06969 0.748145 0
15.6539 0.746975 0
15.5658 0.699496 0
15.7412 0.796184 0
17.3842 0.75 0
22.7553 -0.746994 0
10.4577 -0.74703 0
10.3696 -0.699505 0
7.85958 0.747063 0
7.94738 0.798807 0
8.03009 0.749801 0
11.84 0.746983 0
11.9279 0.699483 0
24.1375 0.74712 0
7.33662 -0.747139 0
6.12492 -0.748414 0
6.12437 0.747464 0
6.21219 0.699577 0
6.47374 0.747406 0
6.38589 0.699568 0
3.52626 0.747406 0
3.61411 0.699568 0
3.43941 0.796974 0
3.35455 0.75 0
7.16667 -0.747214 0
7.07873 -0.699536 0
23.9676 0.747236 0
17.729 -0.747326 0
15.5655 0.8 0
4.13261 0.797637 0
10.3789 -0.814908 0
10.2844 -0.752402 0
22.8423 -0.796162 0
11.9191 0.815021 0
12.0148 0.75 0
10.5443 -0.796134 0
10.541 0.797365 0
12.0205 0.846881 0
21.9829 0.812968 0
7.41638 0.813028 0
10.2786 -0.847259 0
7.25102 0.796029 0
7.08626 -0.81542 0
6.9932 -0.752493 0
6.99591 -0.84108 0
12.4509 0.800361 0
12.3516 0.75531 0
24.0512 -0.797059 0
24.1489 -0.754796 0
23.8867 -0.813291 0
21.4539 0.796072 0
21.5394 0.746352 0
15.2122 -0.813059 0
15.3036 -0.750385 0
17.6462 -0.797303 0
17.5488 -0.755109 0
17.6467 0.799287 0
6.55739 0.796215 0
6.04115 -0.796414 0
6.04272 0.79756 0
15.7422 -0.799277 0
15.6544 -0.746854 0
15.8288 -0.843914 0
3.6092 0.186777 0
3.70096 0.25 0
6.39216 0.815965 0
3.60916 0.813161 0
3.69989 0.750346 0
18.3405 0.799321 0
18.2526 0.746839 0
18.4275 0.844066 0
20.9395 0.797759 0
20.8427 0.75564 0
6.20625 0.816151 0
6.72488 0.790802 0
6.80524 0.845677 0
6.90179 -0.815955 0
6.90526 -0.7 0
6.81865 -0.75 0
0.679751 0.18721 0
0.756476 0.25 0
17.7361 0.849968 0
17.4802 0.813205 0
8.0387 0.849861 0
24.832 0.45 0
24.8363 0.253998 0
12.0983 0.787436 0
22.4959 0.81421 0
22.4071 0.75 0
12.7963 -0.814209 0
10.1966 -0.793175 0
10.1965 -0.699263 0
10.1086 -0.746801 0
22.2371 0.849945 0
12.5359 0.849973 0
7.08599 0.813318 0
7.59865 0.813817 0
15.2122 0.813192 0
15.1325 0.75 0
18.6898 -0.816157 0
18.7698 -0.75 0
18.5988 -0.840742 0
18.6892 0.813222 0
10.7097 -0.816962 0
10.8029 -0.847969 0
8.12107 0.795322 0
8.21652 0.830158 0
8.19964 0.735045 0
8.2933 0.766503 0
8.30137 0.846803 0
24.3991 0.79279 0
24.4856 0.748798 0
24.4818 0.846416 0
24.5668 0.798766 0
7.59837 -0.792828 0
7.68473 -0.748805 0
7.67975 -0.844989 0
7.77951 -0.814613 0
23.1926 -0.816449 0
23.2731 -0.75 0
23.1008 -0.84343 0
23.1911 0.813324 0
23.2731 0.75 0
24.832 0.55 0
24.7412 0.595764 0
14.9554 -0.847332 0
14.8727 -0.8 0
14.8726 -0.699897 0
14.7861 -0.75 0
11.4014 0.817049 0
11.3197 0.746274 0
11.4951 0.843512 0
23.7043 0.814279 0
23.6195 0.75 0
4.30502 0.81425 0
15.3947 0.814238 0
19.8969 -0.814212 0
19.9822 -0.75 0
17.9925 -0.792928 0
10.4527 0.848012 0
10.3657 0.798995 0
10.2752 0.841078 0
9.50241 -0.814247 0
9.41673 -0.75 0
8.38786 0.799288 0
15.9082 0.814375 0
3.35192 0.152621 0
3.26795 0.2 0
3.26789 0.300098 0
3.18135 0.25 0
3.3516 0.847997 0
3.26541 0.798617 0
3.17398 0.842245 0
3.18094 0.745822 0
23.0083 0.814053 0
22.9267 0.75 0
19.2017 -0.814158 0
19.2017 0.814158 0
19.2894 0.75 0
8.11921 -0.79907 0
8.03132 -0.749795 0
8.03633 -0.849926 0
7.94801 -0.79925 0
7.94511 -0.699841 0
4.48038 0.8 0
4.56699 0.749999 0
4.56258 0.850091 0
4.65086 0.798864 0
4.48038 0.2 0
4.56702 0.25005 0
4.56258 0.149914 0
4.65059 0.200662 0
4.65309 0.300119 0
4.73793 0.253031 0
19.7141 -0.813431 0
9.67654 -0.8 0
9.76317 -0.749946 0
9.75859 -0.847936 0
9.84736 -0.796828 0
0.323463 0.2 0
0.23686 0.25 0
20.4202 -0.796211 0
8.98182 0.799319 0
8.89711 0.75 0
5.51962 -0.8 0
5.60622 -0.75 0
14.1755 -0.796971 0
19.0296 -0.8 0
18.943 -0.75 0
18.943 -0.85 0
19.0296 0.8 0
12.621 -0.8 0
4.04677 0.847574 0
2.57513 0.8 0
22.754 0.847408 0
13.0543 -0.84745 0
13.1396 -0.79799 0
13.1405 -0.699578 0
13.2257 -0.750648 0
11.9282 -0.8 0
12.0148 -0.75 0
11.8449 -0.847983 0
11.7578 -0.797562 0
13.6567 -0.794935 0
13.6592 0.797931 0
16.4315 -0.8 0
16.517 -0.748114 0
6.55797 -0.801611 0
6.6453 -0.750268 0
6.64818 -0.851314 0
20.2428 -0.801739 0
20.1556 -0.75029 0
20.1554 -0.849126 0
20.2427 0.801919 0
16.3449 -0.85 0
9.15604 -0.802072 0
9.24338 -0.750345 0
9.24373 -0.849368 0
8.46436 -0.798337 0
8.55049 -0.848469 0
8.63731 0.8 0
8.72279 0.750745 0
8.55361 0.848004 0
5.34683 -0.802525 0
5.25988 -0.750421 0
5.25981 -0.85 0
3.96164 0.201564 0
3.87615 0.249049 0
4.0485 0.15149 0
12.4481 -0.802963 0
12.3613 -0.750494 0
12.3612 -0.85 0
12.2749 -0.800486 0
9.84969 0.80154 0
9.93634 0.750257 0
9.75984 0.849816 0
16.9512 -0.8 0
16.8658 -0.750035 0
2.05467 0.802225 0
1.96878 0.750209 0
2.14212 0.85 0
5.34641 0.8 0
9.93802 0.848828 0
10.0221 0.797909 0
16.8593 -0.849936 0
16.7749 -0.796427 0
16.6803 -0.836076 0
16.6917 -0.742342 0
10.5455 0.902959 0
3.44487 0.0971495 0
3.44483 0.902949 0
14.4408 -0.848353 0
14.4407 0.848664 0
14.3521 0.802947 0
14.2592 0.852611 0
2.65966 0.849843 0
17.0402 -0.849997 0
0.240394 0.150082 0
11.7549 -0.903003 0
4.14168 0.903963 0
22.6587 0.903903 0
15.047 -0.902659 0
12.9589 -0.903926 0
2.83665 0.848345 0
12.54 -0.851182 0
1.96503 0.849385 0
1.8819 0.798058 0
14.2596 -0.849018 0
14.0819 -0.83298 0
14.2636 0.753469 0
14.1752 0.798451 0
14.0804 0.834526 0
14.0948 0.738954 0
14.0042 0.775621 0
13.9925 0.856462 0
13.9101 0.809996 0
17.1352 -0.904165 0
5.43734 -0.851638 0
14.5352 -0.90307 0
14.5351 0.903524 0
12.2667 -0.904487 0
9.06685 -0.849089 0
10.0329 0.903423 0
2.93197 0.903399 0
1.86924 0.903385 0
9.0649 0.849783 0
9.15634 0.803002 0
9.24586 0.857765 0
9.24771 0.75943 0
9.84974 -0.9 0
8.36345 0.696164 0
8.41198 0.607572 0
20.3375 -0.849109 0
20.5169 -0.837083 0
16.1698 0.848275 0
16.2608 0.806116 0
16.3499 0.860271 0
16.354 0.763525 0
16.4336 0.821431 0
16.4419 0.722108 0
16.5216 0.777056 0
16.531 0.679185 0
16.6143 0.740742 0
16.5381 0.574577 0
16.618 0.649819 0
16.7016 0.711242 0
16.7007 0.817881 0
16.7882 0.76443 0
16.2641 0.706381 0
16.09 0.891254 0
6.46379 -0.849573 0
6.37902 -0.796049 0
6.28451 -0.834119 0
1.88219 0.699558 0
1.79533 0.74942 0
8.98392 -0.797974 0
8.9881 -0.891728 0
16.6061 0.499998 0
6.38551 -0.69766 0
20.4153 -0.499999 0
20.6751 -0.35 0
0.23686 0.65 0
0.23377 0.743259 0
0.310771 0.812983 0
22.9256 -0.746797 0
20.7617 -0.3 0
22.7535 -0.45 0
3.70074 0.649986 0
3.78735 0.700055 0
3.79205 0.814475 0
3.87417 0.75 0
5.43289 0.749811 0
5.43939 0.849847 0
5.25808 0.850454 0
5.16344 0.904458 0
5.52506 0.796808 0
5.6178 0.832686 0
23.2731 0.649951 0
23.3597 0.699992 0
23.3612 0.797431 0
23.4466 0.749571 0
23.4487 0.847494 0
23.3555 0.902973 0
23.5329 0.8 0
23.4464 0.649927 0
8.63661 -0.797617 0
17.8172 -0.6 0
24.5722 -0.5 0
24.5722 -0.6 0
24.6588 -0.55 0
24.6588 -0.65 0
24.4846 -0.648247 0
24.7437 -0.6 0
24.7434 -0.7 0
24.7434 -0.5 0
24.6492 -0.755409 0
24.7456 -0.798587 0
24.8294 -0.73599 0
24.832 -0.55 0
24.6585 -0.45 0
24.7433 -0.4 0
21.1028 0.816626 0
21.195 0.843451 0
23.6195 -0.65 0
23.6195 -0.75 0
23.7048 -0.793305 0
23.6065 -0.84599 0
23.5235 -0.790078 0
23.5314 -0.698346 0
23.4463 -0.75 0
24.3124 0.45 0
20.1556 0.750208 0
20.1534 0.850564 0
20.3313 0.848678 0
20.4119 0.889828 0
20.0656 0.799447 0
19.9746 0.841685 0
17.9038 -0.45 0
5.43287 0.64978 0
2.74833 0.3 0
2.66173 0.25 0
2.57604 0.3 0
2.83333 0.252786 0
2.92127 0.300464 0
2.91388 0.187152 0
3.00814 0.25 0
2.57513 0.2 0
2.48853 0.25 0
2.65755 0.152041 0
3.78753 0.600003 0
0.843078 0.4 0
0.929681 0.35 0
1.01628 0.4 0
1.10289 0.35 0
1.01628 0.3 0
1.10289 0.25 0
1.18949 0.3 0
0.928151 0.252649 0
1.19508 0.183241 0
1.27609 0.25 0
1.10312 0.156527 0
1.27609 0.35 0
1.36269 0.3 0
1.36025 0.203284 0
1.44713 0.25359 0
1.44894 0.350598 0
1.53548 0.300698 0
1.53577 0.201357 0
1.6225 0.25 0
1.62626 0.15598 0
1.70786 0.207661 0
1.7089 0.301277 0
1.79645 0.253199 0
1.7958 0.350744 0
1.88245 0.300657 0
1.88344 0.202351 0
1.96912 0.250501 0
1.96685 0.151801 0
2.05551 0.2 0
2.14782 0.142603 0
2.14761 0.240118 0
2.23118 0.182881 0
2.23741 0.283224 0
2.3157 0.232789 0
1.88804 0.108728 0
2.39622 0.290117 0
2.40271 0.396861 0
1.96891 0.35 0
1.70909 0.400333 0
1.88231 0.4 0
1.00961 0.185124 0
1.27609 0.65 0
1.18949 0.7 0
1.36269 0.7 0
1.27752 0.747525 0
1.35871 0.797674 0
1.45561 0.75555 0
1.19529 0.816405 0
1.10385 0.752734 0
1.10329 0.843814 0
1.00999 0.815694 0
1.0154 0.703071 0
0.929681 0.75 0
0.929533 0.650512 0
0.843053 0.700085 0
0.844408 0.796637 0
0.758403 0.746493 0
3.96132 0.79781 0
8.63731 -0.5 0
20.1555 0.649907 0
3.0081 0.350076 0
21.0215 -0.25 0
20.1554 0.25 0
20.0688 0.3 0
23.7061 0.3 0
2.74833 0.8 0
18.077 -0.25 0
18.2502 -0.25 0
18.3368 -0.3 0
21.1081 -0.2 0
17.211 0.45 0
22.0607 -0.65 0
22.1473 -0.7 0
21.9741 -0.7 0
22.2339 -0.65 0
21.8875 -0.65 0
21.8875 -0.75 0
22.2323 -0.747239 0
22.3202 -0.69954 0
22.1476 -0.796129 0
22.3129 -0.815482 0
22.4058 -0.752504 0
22.4034 -0.841099 0
22.4976 -0.816152 0
21.9832 -0.813497 0
0.756793 0.64943 0
23.0133 -0.6 0
23.6195 -0.55 0
23.4463 -0.25 0
4.22058 0.35 0
21.2885 0.814721 0
21.0215 -0.65 0
21.1081 -0.7 0
20.9349 -0.7 0
21.1947 -0.65 0
21.1956 -0.74821 0
21.2814 -0.699702 0
21.1055 -0.814272 0
21.2806 -0.799524 0
21.3678 -0.749871 0
21.3631 -0.850006 0
21.4497 -0.80025 0
1.1029 0.650968 0
17.8168 -0.699257 0
17.811 -0.813083 0
21.7143 0.65 0
21.7143 0.75 0
21.8006 0.793127 0
21.7181 0.846546 0
21.6193 0.814538 0
0.497478 0.186474 0
2.74576 0.203591 0
2.74833 0.1 0
24.6584 -0.35 0
24.7433 -0.3 0
24.832 -0.35 0
24.6584 -0.25 0
24.7433 -0.2 0
24.6584 -0.15 0
24.7408 -0.104236 0
24.8359 -0.154125 0
24.6563 -0.050706 0
23.4461 -0.649724 0
24.0526 0.2 0
24.0526 0.3 0
23.3597 0.2 0
8.63721 -0.699789 0
6.21239 0.59993 0
23.6195 0.25 0
24.5721 0.3 0
20.8483 -0.649968 0
20.8483 -0.749962 0
20.9347 -0.79837 0
20.8485 -0.84919 0
20.7597 -0.800778 0
20.6728 -0.841643 0
21.9741 0.3 0
8.3775 -0.25 0
4.13397 0.3 0
4.13397 0.2 0
2.22872 0.8 0
24.549 -0.913915 0
24.5044 -0.832078 0
24.4002 -0.809202 0
17.8172 -0.5 0
23.0133 -0.3 0
23.2731 0.549992 0
23.1865 0.599941 0
21.6277 -0.1 0
21.5411 -0.15 0
21.6277 -0.2 0
5.17284 -0.799426 0
5.16289 -0.907909 0
5.17321 -0.7 0
22.0456 -0.912543 0
23.3597 0.1 0
22.8401 -0.5 0
22.7535 -0.35 0
22.6669 -0.3 0
22.6669 -0.2 0
17.1244 0.4 0
17.9038 -0.55 0
5.17321 -0.4 0
5.25981 -0.35 0
5.17321 -0.3 0
5.25981 -0.25 0
5.0866 -0.25 0
2.74833 0.599997 0
9.84935 -0.699462 0
9.93426 -0.746563 0
17.7306 -0.45 0
21.1081 -0.1 0
22.667 0.599935 0
5.17321 -0.6 0
4.22061 0.64995 0
6.81865 0.55 0
21.6277 -0.399976 0
23.1865 -0.3 0
23.5329 0.3 0
19.2894 -0.75 0
5.34639 0.600007 0
22.6672 -0.699499 0
22.6758 -0.787893 0
7.25162 0.599921 0
23.8794 -0.1 0
23.8794 -0.2 0
23.966 -0.25 0
21.1947 0.15 0
18.6832 0.599951 0
20.7617 -0.2 0
20.8483 -0.15 0
2.48853 0.75 0
6.12583 0.549988 0
21.9741 -0.1 0
22.0607 -0.15 0
21.9741 -0.2 0
22.1473 -0.1 0
22.1473 -0.2 0
21.2813 -0.5 0
8.4641 -0.2 0
8.2909 -0.2 0
20.4151 -0.599765 0
19.7224 -0.2 0
0.58327 0.65 0
0.58327 0.75 0
0.497458 0.793214 0
0.577093 0.843245 0
0.678456 0.813963 0
7.42487 -0.6 0
19.376 0.6 0
19.4626 0.65 0
19.5492 0.6 0
19.5492 0.7 0
19.4626 0.75 0
19.5493 0.801524 0
19.6358 0.750254 0
19.461 0.848814 0
19.6358 0.85 0
19.7213 0.798125 0
19.7295 0.902547 0
19.3769 0.797821 0
19.3663 0.903098 0
3.61432 0.599962 0
19.4626 0.25 0
19.376 0.2 0
19.2894 0.25 0
19.2894 0.15 0
18.8564 0.3 0
18.7698 0.75 0
24.4856 0.6498 0
9.93593 -0.649337 0
9.76311 -0.649847 0
19.2028 -0.3 0
6.81865 -0.15 0
18.3368 -0.2 0
18.4234 -0.25 0
18.51 -0.2 0
18.4234 -0.35 0
18.1636 -0.2 0
15.8253 0.15 0
18.4234 0.55 0
22.4937 -0.1 0
22.3205 -0.599923 0
24.5713 0.699561 0
24.6538 0.749639 0
5.77942 -0.65 0
5.78009 -0.750547 0
5.87478 -0.788464 0
20.8483 -0.25 0
18.943 0.75 0
18.9459 0.847989 0
18.8584 0.797001 0
18.854 0.902869 0
6.29909 0.75521 0
6.29928 0.846413 0
22.9265 -0.649466 0
23.0073 -0.815061 0
21.8009 0.4 0
1.55079 0.913809 0
15.9985 0.15 0
1.62338 0.648351 0
2.92148 0.400083 0
5.0866 -0.45 0
23.3544 -0.899832 0
17.5574 0.75 0
5.25984 0.25 0
20.5019 0.25 0
20.4153 0.2 0
20.4153 0.1 0
5 0.39998 0
4.9134 0.349976 0
5.0866 0.349997 0
5 0.3 0
4.91219 0.252092 0
20.3286 0.25 0
20.3286 0.15 0
5.34643 1.94289e-15 0
23.7928 -0.15 0
18.077 0.65 0
17.9904 0.7 0
18.0784 0.747554 0
17.9934 0.813705 0
0.45 0.0866025 0
2.45 0.913397 0
5.17427 0.2 0
9.32885 -0.797728 0
9.33734 -0.903096 0
24.399 0.2 0
21.4484 -0.9054 0
8.20426 0.349936 0
1.35434 0.0988037 0
3.84836 0.0861835 0
3.79461 0.181574 0
20.7617 0.1 0
20.8483 0.15 0
1.65 0.913397 0
1.59899 0.828918 0
1.70526 0.81205 0
19.2894 -0.649939 0
19.384 -0.813487 0
19.4626 -0.75 0
19.5494 -0.796584 0
8.11769 -0.1 0
22.0607 0.25 0
5.69282 -0.1 0
17.1244 0.5 0
17.0378 0.35 0
18.1636 -0.1 0
5.86603 0.3 0
3.65 0.913397 0
15.6521 0.15 0
22.4937 0.2 0
22.4937 -0.6 0
6.81865 -0.25 0
6.73205 -0.2 0
6.73205 -0.1 0
6.64545 -0.15 0
20.0688 -0.3 0
18.943 -0.35 0
9.50333 0.2 0
16.0851 0.500014 0
23.15 0.913397 0
0.846354 0.101838 0
20.5885 -0.1 0
24.2508 -0.91384 0
6.12583 0.25 0
6.12583 0.15 0
6.03923 0.2 0
3.96077 0.6 0
7.85788 -0.75 0
7.85799 -0.649973 0
16.7779 0.1 0
16.8645 0.15 0
16.9512 0.1 0
16.9512 0.2 0
23.8798 0.699233 0
23.8869 0.812919 0
22.4937 -0.3 0
20.0688 -0.1 0
7.25166 0.499987 0
7.07846 -0.3 0
15.9985 -0.65 0
16.0851 -0.7 0
15.9994 -0.748421 0
16.0862 -0.798158 0
20.9454 0.900457 0
18.6832 -0.1 0
22.3205 0.3 0
4.95036 0.913365 0
5.00268 0.829854 0
4.90051 0.827299 0
4.9576 0.746141 0
4.85494 0.744029 0
4.80519 0.82999 0
4.74757 0.747552 0
6.73205 0.4 0
20.0702 -0.79764 0
20.0621 -0.903043 0
23.0999 0.15 0
9.76313 -0.549974 0
9.84974 -0.3 0
5.51962 0.3 0
9.67654 0.2 0
2.45123 0.0845409 0
18.2502 -0.65 0
18.3368 -0.7 0
18.2519 -0.746952 0
18.1636 -0.798826 0
18.3396 -0.796219 0
19.809 -0.15 0
6.47224 -0.45 0
22.9525 0.911676 0
8.63729 -0.599965 0
6.47224 0.15 0
6.55885 0.2 0
6.47224 0.25 0
8.11767 -0.59995 0
8.5507 -0.45 0
19.7224 0.1 0
19.809 0.15 0
17.1244 0.3 0
18.4224 -0.746912 0
15.9119 0.1 0
16.0851 0.1 0
17.3842 0.35 0
17.3842 0.25 0
17.3842 0.15 0
24.0513 0.898012 0
20.5885 -0.399999 0
5.43302 -0.05 0
5.34641 -0.1 0
10.8024 0.35 0
10.7158 0.4 0
10.6292 0.45 0
5.84941 0.913968 0
5.80183 0.829345 0
19.809 0.649735 0
16.1736 0.651215 0
3.84772 0.911823 0
17.7306 -0.35 0
17.644 -0.3 0
17.644 -0.2 0
17.95 0.913397 0
16.1719 -0.749693 0
16.1692 -0.847996 0
16.0899 -0.891214 0
19.5485 -0.898006 0
7.04581 0.914597 0
13.9201 -0.35 0
13.8335 -0.3 0
7.68468 0.55 0
23.8464 0.912552 0
17.9038 0.75 0
17.2976 0.5 0
5.94514 0.754525 0
15.7387 -0.2 0
5.17321 0.399999 0
8.03109 0.55 0
10.6274 0.746926 0
7.16506 -0.35 0
17.2976 -0.6 0
17.297 -0.70274 0
16.0851 -0.4 0
16.1717 -0.35 0
16.1717 -0.25 0
16.2583 -0.4 0
22.8458 -0.899257 0
4.64845 0.905193 0
4.6504 0.09653 0
5.43301 -0.35 0
17.1244 -0.1 0
7.33827 -0.25 0
7.25167 -0.2 0
13.8335 -0.4 0
13.7469 -0.35 0
13.7469 -0.45 0
13.6603 -0.4 0
13.6603 -0.3 0
5.69282 -0.3 0
9.15769 0.702421 0
9.32965 0.700824 0
7.85788 -0.25 0
7.77128 -0.2 0
7.68468 -0.25 0
14.1799 -0.4 0
21.4522 0.89763 0
23.6509 0.91197 0
6.38564 0.1 0
7.42487 0.2 0
6.21244 -0.1 0
16.2571 -0.801326 0
8.81051 -0.2 0
8.72391 -0.25 0
18.1636 0.2 0
18.51 0.2 0
20.5019 0.15 0
7.25099 -0.898101 0
23.8461 -0.914644 0
16.7501 0.915808 0
10.802 0.748222 0
10.8915 0.792835 0
10.976 0.748806 0
10.9729 0.842709 0
11.0557 0.798919 0
10.71 0.812857 0
24.2571 0.912135 0
17.8172 0.2 0
6.04548 -0.900705 0
16.7801 0.596138 0
8.2909 -0.1 0
15.5655 -0.3 0
15.4789 -0.25 0
15.3923 -0.3 0
19.15 -0.913397 0
21.6506 -0.913757 0
21.6 -0.826795 0
21.6973 -0.828456 0
21.802 -0.813241 0
21.6482 -0.747709 0
20.6751 -0.15 0
18.3454 -0.901208 0
8.89711 -0.25 0
14.0067 -0.4 0
17.4708 -0.1 0
10.889 0.2 0
17.2504 0.915547 0
17.2982 0.815071 0
17.2976 0.1 0
16.3452 0.350296 0
18.0773 -0.748626 0
18.0738 -0.842604 0
16.6503 0.91485 0
7.45672 -0.912185 0
19.15 0.913397 0
17.8522 -0.914319 0
17.4708 -0.3 0
6.81865 -0.65 0
7.74196 0.909578 0
7.25074 0.897442 0
19.7224 -0.3 0
15.6521 -0.15 0
10.9756 0.25 0
11.0622 0.2 0
11.0622 0.3 0
8.5507 -0.35 0
10.8024 0.15 0
16.551 -0.92145 0
16.345 0.250078 0
16.4316 0.200032 0
10.1095 -0.55 0
7.77268 -0.702232 0
7.8579 -0.549996 0
7.68492 -0.650173 0
17.6493 -0.899453 0
10.7158 0.1 0
23.0999 0.25 0
14.3524 0.701069 0
14.6129 0.55 0
14.699 0.599214 0
14.6992 0.696324 0
15.1325 0.65 0
15.0459 0.7 0
15.0443 0.797275 0
14.9593 0.75 0
14.9551 0.847868 0
14.8698 0.797451 0
14.778 0.838645 0
15.047 0.902811 0
14.784 0.745151 0
14.9602 0.65 0
11.0622 0.4 0
8.20429 0.15 0
19.8506 -0.912832 0
8.72391 -0.549994 0
11.9282 -0.1 0
17.4489 -0.913966 0
17.35 -0.913397 0
17.4041 -0.832187 0
17.2988 -0.812742 0
15.4789 0.15 0
15.3923 0.2 0
2.95278 0.0872743 0
24.3124 -0.25 0
20.0688 0.2 0
15.3923 -0.4 0
15.3057 -0.35 0
10.75 0.913397 0
6.74166 -0.904636 0
7.949 -0.903424 0
10.3694 -0.3 0
10.456 -0.25 0
10.3694 -0.2 0
8.72391 0.25 0
9.41673 0.25 0
17.4434 0.912498 0
9.84974 0.4 0
13.2518 -0.913883 0
13.3059 -0.818439 0
13.75 -0.913397 0
13.8033 -0.835634 0
13.8982 -0.829606 0
14.7507 -0.913719 0
14.6998 -0.818061 0
15.2517 -0.913858 0
15.2516 0.912827 0
13.25 0.913397 0
13.3 0.82743 0
13.4 0.826901 0
13.3502 0.744806 0
13.4519 0.745985 0
13.5 0.826795 0
13.2 0.827536 0
13.1 0.826918 0
13.1508 0.73957 0
13.0508 0.738152 0
13.0001 0.826475 0
12.9501 0.739799 0
13 0.65359 0
12.8872 0.64664 0
12.85 0.740192 0
12.9565 0.577666 0
13.1038 0.651549 0
12.7475 0.911705 0
12.7032 0.82274 0
12.249 0.915496 0
12.1909 0.830652 0
12.1827 0.7383 0
11.7526 0.898195 0
8.75 0.913397 0
9.50333 -0.1 0
9.41673 -0.15 0
14.6129 -0.15 0
14.8727 -0.3 0
14.9593 -0.25 0
9.15722 0.600752 0
9.67656 -0.599916 0
8.85248 0.914078 0
8.80489 0.818167 0
19.2894 -0.25 0
19.2028 -0.4 0
13.227 -0.650038 0
4.35 0.913397 0
1.35373 0.900231 0
9.07032 0.25 0
10.5426 0.3 0
24.749 -0.900789 0
6.90526 -0.5 0
8.80703 -0.813994 0
9.67654 0.1 0
14.3531 -0.6 0
13.574 0.549396 0
14.9593 -0.35 0
11.755 0.3 0
15.3923 0.1 0
15.3057 0.15 0
15.3057 0.25 0
13.2272 -0.550006 0
16.3449 -0.15 0
9.24352 -0.55 0
10.1962 0.2 0
15.5569 0.905123 0
9.55 0.913397 0
22.0607 -0.75 0
11.4086 -0.6 0
11.322 -0.65 0
11.2354 -0.6 0
11.2354 -0.7 0
11.322 -0.75 0
11.2412 -0.80079 0
11.1433 -0.756102 0
11.3269 -0.844416 0
11.4074 -0.792363 0
7.77128 0.6 0
7.68468 0.45 0
13.9481 -0.916201 0
9.84974 0.3 0
19.9822 0.25 0
19.9822 0.35 0
19.8956 0.3 0
12.7076 -0.15 0
12.1866 -0.652379 0
7.85788 0.25 0
9.84974 -0.1 0
17.5574 0.15 0
11.5818 -0.4 0
5.95263 -0.15 0
5.86603 -0.2 0
12.1014 0.1 0
23.533 0.699916 0
16.5182 0.250024 0
5.64734 -0.914469 0
5.69612 -0.818367 0
16.9512 0.4 0
14.6129 -0.25 0
14.5263 -0.2 0
14.4397 -0.25 0
14.4397 -0.15 0
11.8416 0.549993 0
10.6289 0.649488 0
22.45 0.913397 0
12.5344 0.449999 0
9.2435 -0.650058 0
9.58993 -0.35 0
11.7555 -0.699594 0
11.6699 -0.750492 0
9.93634 -0.15 0
12.0127 0.649914 0
10.1962 0.1 0
11.6684 0.25 0
24.2258 -0.6 0
24.3134 -0.648211 0
16.5178 -0.64948 0
16.603 -0.695638 0
16.4315 -0.599913 0
18.943 0.25 0
12.8001 0.825837 0
10.8024 0.25 0
18.8524 -0.906697 0
19.6551 -0.910432 0
21.15 -0.913397 0
21.0513 -0.911915 0
22.6471 -0.922096 0
19.0296 -0.1 0
14.3518 -0.801084 0
10.3692 0.699372 0
17.9038 0.55 0
10.3694 0.4 0
11.1488 0.35 0
13.4895 0.595911 0
19.8956 0.1 0
14.3531 0.4 0
11.8416 -0.35 0
16.9492 0.916066 0
16.8912 0.827214 0
15.4789 -0.65 0
15.392 -0.700064 0
15.4788 -0.750011 0
15.3937 -0.793408 0
15.4748 -0.843232 0
5.84642 -0.922242 0
9.50333 -0.3 0
15.9106 -0.791991 0
11.4084 -0.698727 0
11.4988 -0.751194 0
11.5857 -0.704747 0
5.08617 -0.74926 0
12.188 0.15 0
11.1488 -0.55 0
15.4789 0.35 0
13.8335 -0.499955 0
13.7469 -0.549947 0
14.6129 -0.75 0
11.5889 0.814762 0
14.9593 0.35 0
6.04706 0.90003 0
15.2191 0.1 0
7.59808 0.5 0
7.68468 0.35 0
15.8253 0.65 0
11.1488 0.25 0
11.2354 0.2 0
15.1325 -0.25 0
13.7469 0.75 0
13.745 0.847873 0
17.8172 0.1 0
12.4478 -0.3 0
12.5344 -0.25 0
13.6603 0.499898 0
13.6603 -0.2 0
13.5737 -0.25 0
13.487 -0.2 0
16.7779 0.3 0
11.8416 0.35 0
8.34847 -0.911883 0
8.25 -0.913397 0
7.59808 -0.1 0
13.8335 -0.1 0
13.9201 -0.15 0
14.0067 -0.1 0
7.42487 -0.2 0
9.55 -0.913397 0
11.049 -0.914159 0
11 -0.826795 0
10.8969 -0.814804 0
11.5498 -0.917519 0
11.5934 -0.81929 0
12.0503 -0.913854 0
12.1 -0.826795 0
12.3612 -0.55 0
15.2191 0.3 0
13.05 0.913365 0
10.1962 -0.5 0
10.1962 -0.599877 0
8.98372 -0.2 0
11.2507 0.915408 0
11.2048 0.838328 0
13.8335 0.2 0
13.7469 0.25 0
13.6603 0.2 0
13.6603 0.3 0
13.8335 0.3 0
13.9201 0.35 0
11.322 0.55 0
9.07032 0.35 0
9.93634 0.15 0
10.889 -0.4 0
13.1406 -0.599937 0
13.0541 -0.649834 0
10.2828 -0.25 0
10.2828 -0.15 0
9.33013 -0.1 0
22.1498 0.903403 0
20.651 0.913971 0
20.602 0.827969 0
20.6996 0.83289 0
20.6628 0.742703 0
20.5582 0.748142 0
18.153 0.908997 0
17.6486 0.903358 0
17.142 0.902415 0
7.25167 -0.1 0
8.81051 0.1 0
6.55372 0.899286 0
5.86603 0.1 0
10.456 -0.15 0
11.4086 -0.1 0
11.4086 -0.2 0
11.755 -0.4 0
11.8416 -0.45 0
7.68468 0.15 0
16.6047 -0.1 0
0.083555 0.744599 0
11.5818 0.1 0
11.6684 0.15 0
11.755 0.2 0
15.1325 0.55 0
14.0939 -0.64901 0
1.53577 0.400216 0
13.55 0.913397 0
13.45 0.913415 0
9.41673 -0.25 0
8.63731 -0.1 0
9.15692 0.1 0
10.0229 -0.1 0
10.6292 -0.15 0
11.1488 -0.15 0
21.3679 -0.65 0
14.8727 0.3 0
14.8727 0.2 0
13.2273 0.249975 0
13.1406 0.199996 0
13.3139 0.299962 0
12.621 0.299998 0
12.4478 0.599941 0
12.3598 0.650518 0
10.9756 -0.25 0
8.03121 -0.649882 0
13.5737 -0.45 0
8.75187 -0.911816 0
0.0866025 0.35 0
10.5426 -0.1 0
10.3694 -0.599918 0
11.6684 -0.35 0
12.75 -0.913397 0
15.7461 0.901148 0
10.056 -0.911923 0
10.5464 -0.897667 0
12.95 0.913339 0
12.9001 0.826507 0
12.3612 0.15 0
13.4004 0.15 0
13.487 -0.1 0
15.3057 -0.15 0
11.4086 0.5 0
10.9747 -0.64847 0
11.4086 0.6 0
11.3216 0.649379 0
12.7559 0.745334 0
8.98372 -0.1 0
9.07032 -0.15 0
0.0866025 0.55 0
13.4004 -0.15 0
13.3138 -0.1 0
14.1799 0.1 0
14.4397 0.15 0
14.3531 0.2 0
14.3531 0.3 0
15.2191 -0.4 0
9.58993 0.65 0
22.4071 0.65 0
15.8253 0.75 0
10.1095 0.55 0
10.1095 0.65 0
10.8024 0.45 0
12.9674 -0.1 0
13.1406 0.0999993 0
13.1407 0.299891 0
15.2191 -0.3 0
15.8535 0.910634 0
12.188 -0.15 0
24.9119 0.747387 0
24.8386 0.702239 0
24.8268 0.8 0
12.2746 0.1 0
8.63731 -0.2 0
12.9675 -0.599908 0
12.1014 0.3 0
13.314 0.399745 0
13.5737 0.349993 0
11.6684 -0.15 0
12.9674 -0.3 0
12.8808 -0.35 0
12.7942 -0.3 0
15.5656 0.599916 0
13.487 0.3 0
12.4478 -0.1 0
12.4478 -0.2 0
13.9201 0.15 0
12.8809 0.249915 0
12.7942 0.199969 0
12.7076 0.249978 0
12.7076 0.149991 0
12.7076 0.35 0
13.1406 -0.499991 0
11.4086 -0.3 0
12.188 -0.35 0
12.1014 -0.3 0
12.1014 -0.4 0
12.0148 -0.25 0
12.1014 -0.2 0
11.9282 -0.3 0
13.4004 -0.65 0
12.621 -0.4 0
12.621 -0.5 0
12.621 -0.600006 0
12.7076 -0.550001 0
12.188 0.25 0
11.755 -0.5 0
12.3612 -0.650082 0
12.8808 0.149981 0
13.2272 -0.15 0
13.2272 -0.25 0
13.3138 -0.2 0
13.6603 0.1 0
14.6995 -0.5 0
11.9278 0.599884 0
13.9201 0.65 0
11.755 0.499986 0
12.5344 0.349998 0
12.7076 -0.25 0
11.8416 0.15 0
12.7942 0.0999902 0
12.621 0.0999985 0
12.9674 -0.2 0
12.2746 0.399958 0
12.2746 0.299993 0
24.7528 0.911854 0
12.3612 0.449961 0
12.4478 0.499925 0
11.6684 -0.25 0
11.5818 -0.3 0
11.4952 -0.25 0
11.5818 0.3 0
11.1488 -0.25 0
11.6684 0.549985 0
11.7551 -0.599932 0
24.912 0.0499838 0
24.8258 0.0096762 0
14.2665 -0.15 0
12.0144 0.549966 0
14.3529 -0.700148 0
12.7076 -0.75 0
12.7076 -0.650025 0
11.755 0.1 0
11.2354 -0.5 0
13.3122 -0.703187 0
11.9282 -0.2 0
11.7545 0.793042 0
14.2665 0.15 0
13.4004 -0.25 0
13.4004 -0.35 0
5.95263 0.15 0
14.5263 -0.1 0
12.1014 -0.7 0
12.1901 -0.75435 0
10.456 0.15 0
11.0622 -0.3 0
10.6292 -0.45 0
16.7779 -0.299993 0
7.55 0.913397 0
7.45496 0.912375 0
13.8335 -0.2 0
20.1555 -0.650048 0
13.7469 -0.25 0
11.2354 0.1 0
14.0929 0.548608 0
13.8335 0.4 0
5.77942 -0.25 0
13.4005 0.249984 0
13.487 -0.3 0
15.5655 0.1 0
7.59808 0.3 0
15.0459 -0.2 0
16.518 -0.549693 0
13.5737 -0.35 0
12.0148 -0.65 0
9.33013 -0.3 0
15.4789 -0.15 0
13.6603 0.399981 0
9.41673 0.15 0
11.1484 0.649403 0
14.2665 -0.35 0
14.9593 0.15 0
14.0933 -0.35 0
13.45 -0.913397 0
12.4516 0.905295 0
9.45 0.913397 0
14.6995 0.1 0
18.077 0.15 0
17.3831 -0.64873 0
11.1479 -0.651017 0
12.2748 -0.701299 0
21.1947 -0.55 0
3.14973 0.0861482 0
3.09747 0.181712 0
3.65 0.0866025 0
5.60622 0.15 0
18.2502 0.25 0
9.07032 -0.35 0
14.1799 0.6 0
12.2746 0.199999 0
8.72391 0.35 0
8.89711 -0.35 0
6.29904 -0.25 0
11.8416 0.449997 0
18.7698 0.549992 0
9.33013 0.400001 0
10.889 -0.1 0
14.3531 -0.1 0
9.67654 0.6 0
9.58993 0.550005 0
6.73205 -0.8 0
14.1799 0.3 0
11.0622 0.1 0
8.81051 0.3 0
14.3531 -0.3 0
10.1962 0.599898 0
13.7469 0.349997 0
9.93634 -0.25 0
10.0229 -0.3 0
13.6603 -0.499991 0
6.90526 0.1 0
15.0459 -0.1 0
14.9593 -0.15 0
8.98372 -0.6 0
12.621 -0.3 0
2.74833 0.699998 0
6.03923 0.1 0
10.8024 -0.35 0
14.4397 -0.35 0
14.5263 0.4 0
8.4641 0.1 0
19.809 -0.35 0
18.8564 0.1 0
19.3762 0.699637 0
12.2688 0.692339 0
24.0493 -0.899252 0
15.5655 -0.2 0
7.94915 0.903293 0
5.51962 -0.6 0
14.2665 0.25 0
6.64545 0.15 0
8.72388 0.650124 0
10.3694 -0.1 0
18.7698 -0.55 0
15.3057 -0.25 0
13.5462 -0.910417 0
18.6492 0.913643 0
20.3286 0.35 0
10.456 0.25 0
14.8727 -0.1 0
6.55885 -0.1 0
16.1718 -0.649949 0
10.9756 0.649801 0
4.82679 0.399925 0
9.24352 0.25 0
6.55885 -0.4 0
16.8645 0.25 0
8.02945 0.649967 0
15.3053 -0.650075 0
9.07032 0.15 0
10.889 -0.2 0
10.2832 -0.650161 0
13.6603 -0.599833 0
7.51147 -0.25 0
11.322 0.15 0
8.72391 0.15 0
10.1962 0.3 0
15.4481 0.911412 0
11.1488 0.15 0
14.6129 -0.55 0
14.6108 0.745833 0
11.2372 0.694033 0
15.5647 -0.797772 0
14.7861 0.15 0
10.5426 -0.3 0
15.0459 -0.599924 0
8.89711 0.55 0
14.6995 -0.6 0
23.6196 0.649986 0
7.68468 0.25 0
17.9038 0.65 0
10.889 -0.3 0
9.50333 0.400001 0
15.7387 0.1 0
15.3923 0.59995 0
14.6129 0.45 0
8.11769 -0.3 0
8.20429 -0.25 0
9.76314 0.25 0
20.5885 0.499916 0
10.5426 -0.2 0
13.7472 -0.648064 0
9.93634 0.35 0
10.5426 -0.4 0
15.7387 0.4 0
19.3453 -0.912492 0
9.50333 -0.4 0
7.77128 0.4 0
7.77128 0.3 0
7.77128 -0.1 0
11.0615 0.699434 0
11.322 0.25 0
4.30721 0.599938 0
17.8205 0.79904 0
18.077 -0.45 0
7.42487 0.1 0
9.15692 0.2 0
21.8009 0.2 0
17.9904 -0.1 0
4.8566 0.0907011 0
17.211 -0.35 0
9.93634 0.650043 0
19.6358 -0.35 0
15.3923 -0.2 0
10.2828 0.25 0
14.9592 -0.649791 0
14.8727 -0.599948 0
9.84974 0.2 0
14.4397 0.45 0
10.1095 -0.649324 0
11.0579 -0.694787 0
7.94449 0.1 0
9.67654 0.8 0
18.51 -0.3 0
2.05612 0.398932 0
20.5025 0.551622 0
20.5915 0.597728 0
14.6995 0.3 0
9.67654 0.7 0
14.6995 -0.70301 0
7.2515 -0.793095 0
21.9443 0.914288 0
18.6832 -0.3 0
16.0853 0.600082 0
8.63744 0.4 0
9.58993 -0.15 0
17.644 -0.4 0
10.456 0.35 0
9.58993 0.15 0
16.5181 0.15 0
18.3368 0.1 0
17.644 0.4 0
22.0607 0.15 0
17.211 -0.75 0
19.376 0.1 0
4.35 0.0866025 0
8.37723 0.349511 0
8.98384 -0.699595 0
17.1244 -0.2 0
17.5574 -0.15 0
17.5559 -0.650852 0
6.38568 0.599928 0
10.5426 0.5 0
20.9349 0.1 0
17.8172 0.6 0
17.2976 0.6 0
17.1315 0.798972 0
10.6291 0.549915 0
8.89711 0.65 0
7.51147 0.75 0
21.4545 0.5 0
18.5966 0.35 0
14.6994 0.499869 0
14.7855 0.549062 0
10.0224 -0.698671 0
10.0155 -0.81188 0
14.7861 -0.650476 0
19.1162 -0.35 0
19.0296 -0.3 0
19.0296 -0.2 0
14.3531 -0.2 0
7.94449 0.3 0
3.09472 0.399982 0
19.2894 -0.15 0
22.6669 -0.4 0
9.58993 0.450001 0
10.7158 -0.5 0
14.7861 0.25 0
18.3368 0.2 0
23.7061 0.2 0
10.3694 0.3 0
15.3057 0.35 0
10.7158 -0.4 0
7.77177 0.699149 0
9.50333 -0.2 0
17.384 -0.549788 0
19.9822 -0.55 0
16.8645 -0.15 0
21.6277 0.3 0
9.50333 0.500011 0
5.86603 -0.4 0
21.2813 0.1 0
20.242 0.1 0
3.70096 0.35 0
0.352464 0.914234 0
15.8253 -0.15 0
5.60622 -0.65 0
16.3449 -0.35 0
18.077 0.35 0
18.1636 0.3 0
17.5574 0.65 0
8.55086 0.35 0
6.29904 -0.15 0
5.69348 -0.703152 0
20.0688 -0.2 0
7.33826 0.549985 0
22.5803 0.15 0
10.5426 0.4 0
18.8564 0.2 0
10.0228 0.699701 0
18.4234 0.45 0
7.85788 -0.15 0
14.6995 0.399978 0
8.2909 -0.4 0
19.2894 -0.45 0
7.94449 -0.499999 0
10.196 0.69833 0
10.1077 0.746443 0
8.20429 -0.15 0
7.07846 -0.1 0
7.07846 0.3 0
19.8956 -0.599947 0
0.846634 0.897733 0
16.1726 0.550581 0
7.42487 0.3 0
21.8009 0.1 0
17.211 -0.15 0
15.7387 -0.6 0
9.76314 -0.449996 0
15.7387 0.3 0
18.4232 -0.649485 0
18.5046 -0.8151 0
7.16504 0.649855 0
17.0378 0.15 0
6.55885 -0.3 0
7.07851 -0.599923 0
20.762 0.599412 0
18.4234 0.35 0
19.0296 0.5 0
21.4545 -0.1 0
21.4545 -0.2 0
9.67654 -0.399999 0
19.2028 0.1 0
7.16506 0.15 0
7.16506 0.25 0
1.96891 0.65 0
8.2909 -0.3 0
6.47224 0.35 0
18.8573 -0.798452 0
9.41673 -0.65 0
5.0866 -0.55 0
5.77942 -0.15 0
10.7158 -0.600124 0
10.6292 -0.650145 0
16.9531 0.694783 0
23.7928 -0.35 0
23.8794 -0.4 0
19.2028 0.2 0
20.6751 -0.449999 0
17.5574 -0.25 0
19.2028 -0.5 0
19.2028 -0.599929 0
7.59808 -0.2 0
16.4315 0.100005 0
5.43299 0.549964 0
8.98372 -0.3 0
17.2977 0.702512 0
18.5966 0.15 0
17.0378 -0.550006 0
4.25111 0.0880579 0
8.80938 0.703173 0
21.5411 0.55 0
22.5803 -0.15 0
19.5492 -0.2 0
20.242 0.6 0
15.6521 -0.55 0
10.6292 -0.75 0
8.3775 -0.65 0
17.7306 0.25 0
16.6913 -0.349994 0
19.5492 -0.1 0
6.73205 -0.3 0
23.0133 0.4 0
15.8253 -0.35 0
6.29904 -0.35 0
7.77991 0.811834 0
21.5411 0.15 0
9.84974 -0.399999 0
20.3286 -0.15 0
17.8172 0.3 0
5.86603 -0.3 0
19.4626 0.15 0
17.0378 -0.35 0
23.0999 0.35 0
17.644 0.3 0
24.5717 -0.100118 0
18.943 -0.15 0
20.0691 -0.699663 0
5.60622 -0.55 0
15.8253 -0.45 0
8.5507 -0.25 0
2.22853 0.699605 0
7.51147 0.25 0
5.08662 -0.15 0
6.90526 0.2 0
20.1554 -0.25 0
20.242 -0.3 0
20.3286 -0.25 0
15.4789 0.75 0
15.7387 0.2 0
18.6832 -0.6 0
18.51 0.3 0
16.2583 0.100002 0
5.34641 -0.4 0
24.658 0.549294 0
24.6553 0.649043 0
18.3368 -0.4 0
20.501 -0.647873 0
19.6358 -0.25 0
6.21243 0.499986 0
22.5812 -0.749547 0
22.8401 0.1 0
16.9511 -0.299998 0
17.1244 -0.3 0
7.68468 -0.35 0
16.0851 -0.2 0
16.345 0.150021 0
17.5574 0.25 0
23.966 0.15 0
24.3124 -0.05 0
24.2258 -0.1 0
24.2258 4.6432e-12 0
15.3923 0.3 0
3.35516 0.65 0
23.5329 0.4 0
19.9822 -0.649882 0
0.643017 0.0883571 0
6.902 0.792244 0
5.25982 -0.65007 0
20.242 -0.4 0
23.5329 -0.3 0
15.9985 -0.15 0
15.9119 -0.2 0
22.2339 0.55 0
16.2583 -0.2 0
16.2583 -0.3 0
2.35 0.913397 0
22.9267 0.65 0
6.90526 -0.6 0
15.4789 0.649844 0
9.33013 0.3 0
24.2258 -0.2 0
23.7061 0.1 0
7.94449 0.2 0
4.85162 0.914362 0
18.7698 -0.65 0
16.1717 -0.15 0
21.2813 -0.59995 0
1.36263 0.4001 0
19.6358 -0.55 0
16.6047 -0.2 0
7.51147 -0.35 0
7.94463 -0.599948 0
15.9985 0.450002 0
7.16506 0.75 0
9.41673 0.350001 0
7.59808 -0.3 0
19.1162 -0.45 0
16.6047 -0.299999 0
3.87413 0.65001 0
16.9512 0.3 0
21.5411 0.25 0
6.38564 -0.4 0
8.46408 0.299919 0
8.4641 0.199986 0
22.3205 0.1 0
5.25997 -0.05 0
5.25986 -0.15 0
20.4153 -0.4 0
8.20429 0.249989 0
21.454 -0.599124 0
18.51 -0.4 0
9.32989 -0.699688 0
7.16506 -0.15 0
15.8253 -0.25 0
6.38564 0.3 0
7.07849 0.599924 0
5.69282 0.3 0
18.2506 0.649473 0
16.0851 0.200003 0
23.4463 -0.15 0
23.5329 -0.1 0
17.644 -0.1 0
5.0866 0.65 0
23.0133 -0.1 0
4.99583 0.1866 0
20.0689 0.499984 0
17.3842 0.45 0
8.3775 -0.75 0
15.9985 0.35 0
7.16506 -0.25 0
17.4708 0.2 0
5.95263 -0.45 0
6.03923 -0.4 0
6.12583 -0.35 0
18.943 -0.65 0
18.8566 -0.699742 0
19.5492 -0.4 0
24.3502 -0.910539 0
5.43301 -0.15 0
18.1643 0.698978 0
6.64542 -0.650045 0
19.0296 0.2 0
16.9512 -0.5 0
19.7224 0.3 0
22.2339 -0.15 0
22.0607 0.45 0
0.671677 0.701647 0
5.95615 -0.744461 0
5.60622 0.25 0
6.03923 0.3 0
18.2503 0.549912 0
16.1717 0.150005 0
7.68468 -0.15 0
5.51962 0.2 0
16.8645 -0.249997 0
0.669909 0.400062 0
6.64545 -0.25 0
17.4644 -0.694283 0
18.51 -0.1 0
19.6358 0.55 0
4.13397 0.4 0
23.8794 -0.5 0
17.9904 -0.4 0
2.22877 0.599816 0
19.2894 0.35 0
6.99186 0.25 0
17.7306 -0.15 0
6.99213 -0.650325 0
5.95263 0.25 0
21.1081 -0.3 0
19.5492 -0.5 0
22.7535 -0.15 0
21.4545 -0.3 0
21.8486 -0.912503 0
19.2894 0.649878 0
6.29905 0.650702 0
16.0851 0.300009 0
21.3679 -0.15 0
5.34641 -0.3 0
5.34642 -0.2 0
18.5084 0.791914 0
5.25981 0.35 0
7.33827 -0.55 0
17.0378 0.25 0
17.9904 -0.3 0
22.8401 0.2 0
20.7617 0.3 0
16.9511 -0.399992 0
23.8794 -0.3 0
18.5966 -0.15 0
21.1947 0.55 0
6.21244 -0.4 0
6.12583 -0.45 0
20.242 0.2 0
22.2339 -0.549987 0
21.8901 0.748955 0
8.29088 0.299959 0
6.64545 0.35 0
6.55885 0.3 0
15.5658 -0.699106 0
21.5408 0.649317 0
21.3679 -0.25 0
24.5722 -0.3 0
23.2731 -0.65 0
6.90526 0.3 0
7.4244 -0.699187 0
7.41711 -0.81245 0
8.4603 0.513203 0
8.46356 0.401201 0
21.7143 0.25 0
23.5329 0.2 0
21.2813 0.3 0
21.1947 0.25 0
24.399 0.4 0
19.5492 0.5 0
15.7387 -0.5 0
6.81865 -0.55 0
5.77942 0.35 0
5.77942 0.45 0
5.86603 0.5 0
18.077 -0.15 0
20.4153 -0.3 0
20.9349 -0.4 0
7.42487 -0.5 0
22.1492 -0.897932 0
6.12583 -0.55 0
6.21257 -0.599759 0
6.64228 0.744845 0
5.08698 0.247766 0
18.7698 0.649941 0
7.51147 -0.45 0
20.7484 0.915401 0
18.3368 0.499985 0
4.56688 0.649809 0
15.6525 -0.649327 0
19.1162 0.45 0
5.17345 0.299627 0
19.6358 -0.65 0
6.73202 -0.700052 0
20.5019 -0.449998 0
23.3597 0.3 0
23.2731 -0.35 0
6.64492 0.649141 0
6.21223 -0.69619 0
19.2028 0.3 0
20.3286 -0.35 0
24.5657 -0.69405 0
22.2339 -0.25 0
16.8645 -0.549971 0
3.8745 0.349842 0
2.48857 0.649931 0
19.2028 0.599918 0
21.4529 -0.698748 0
16.866 -0.650042 0
22.3205 -0.499985 0
4.22058 0.75 0
5.6928 0.499967 0
22.9267 -0.549911 0
23.7928 0.45 0
19.1162 0.549986 0
6.90526 0.4 0
23.4463 0.25 0
20.9349 -0.3 0
3.00772 0.649346 0
21.4545 0.599811 0
19.6358 -0.75 0
22.4068 -0.650328 0
5.17324 -0.2 0
24.0526 0.5 0
6.64536 0.549857 0
2.57649 0.399713 0
4.48041 0.400043 0
20.9349 0.5 0
21.0215 -0.75 0
24.3124 -0.35 0
24.0523 0.793083 0
18.4234 0.25 0
19.8956 0.4 0
19.1162 0.35 0
6.73204 0.499976 0
23.3597 -0.4 0
21.1081 0.4 0
21.1081 0.3 0
21.0215 0.45 0
18.5966 -0.25 0
19.6358 0.650042 0
22.9267 0.35 0
23.0999 -0.15 0
21.8009 -0.199998 0
21.0215 0.25 0
21.8009 0.3 0
6.81865 0.449996 0
4.82622 0.300837 0
4.81839 0.188106 0
21.626 0.701701 0
21.9741 0.5 0
23.1865 -0.1 0
22.6669 -0.1 0
18.1644 0.798142 0
1.45035 0.650925 0
23.7948 -0.749259 0
24.2253 0.699178 0
20.0688 0.399997 0
1.62237 0.35042 0
20.8483 0.25 0
3.44111 0.400072 0
22.4937 -0.7 0
5.7794 0.549961 0
20.1554 0.55 0
24.1392 -0.05 0
22.7535 0.35 0
21.9741 0.4 0
23.3597 -0.699954 0
22.5803 0.45 0
22.4937 0.4 0
24.399 -0.59941 0
21.1081 0.5 0
5.77693 0.645941 0
1.54064 0.694582 0
19.1162 0.25 0
19.809 0.25 0
1.18949 0.4 0
22.8401 0.3 0
23.0133 -0.499985 0
22.4071 0.25 0
2.05632 0.298637 0
22.3205 0.2 0
21.7143 -0.249993 0
23.7928 0.35 0
22.4937 0.3 0
23.0999 -0.449998 0
3.78912 0.296744 0
24.2951 -0.828507 0
0.756517 0.350072 0
21.8875 -0.549977 0
19.7222 0.699693 0
20.9348 0.599934 0
23.4463 -0.35 0
22.5803 -0.25 0
3.35444 0.350198 0
0.410065 0.45 0
23.3586 -0.794392 0
20.9349 0.2 0
21.8875 0.35 0
22.1473 -0.3 0
21.8875 -0.249996 0
22.6669 0.4 0
22.6669 0.499989 0
4.65382 0.698464 0
21.9741 -0.399998 0
19.8072 0.746499 0
22.0607 -0.25 0
23.0999 -0.35 0
4.56694 0.350085 0
24.0526 -0.2 0
0.40695 0.749073 0
23.8794 0.3 0
21.9741 -0.299998 0
23.0999 -0.25 0
21.7993 -0.601264 0
24.0526 -0.3 0
21.8025 -0.703794 0
22.1473 0.59992 0
22.0607 0.549987 0
4.65355 0.399992 0
3.26792 0.400024 0
21.8875 -0.449964 0
19.8956 0.2 0
24.2178 0.812384 0
22.3211 0.799724 0
24.0526 -0.5 0
23.966 -0.45 0
23.966 0.25 0
0.23686 0.35 0
22.234 0.649928 0
21.6277 -0.299996 0
24.1392 -0.15 0
24.6566 0.0499956 0
0.84283 0.300454 0
24.5717 0.100113 0
20.8474 0.650764 0
21.5411 -0.249999 0
4.73962 0.350623 0
22.7535 0.549987 0
22.3207 0.699895 0
24.0526 -0.599923 0
24.0526 0.4 0
0.323431 0.400054 0
24.399 0.3 0
24.1408 -0.65071 0
22.7536 0.64994 0
23.966 -0.35 0
24.2258 0.3 0
24.572 0.200132 0
3.18133 0.350001 0
24.4855 0.250022 0
24.3124 0.35 0
24.3992 -0.697302 0
3.09518 0.296962 0
22.8402 0.699902 0
22.8395 0.797646 0
24.1392 0.35 0
0.843508 0.206434 0
24.2329 -0.69397 0
20.7568 0.694642 0
12.7097 0.660909 0
3.0934 0.697121 0
1.79574 0.649727 0
1.70946 0.699993 0
15.7481 -0.905487 0
12.2943 0.83774 0
24.2035 -0.83704 0
20.676 -0.747222 0
11.0512 0.904332 0
4.90997 0.655521 0
2.23997 0.0879074 0
18.3472 0.905419 0
21.5463 -0.747458 0
18.1536 -0.910954 0
24.5958 -0.837855 0
1.5462 0.0889164 0
24.7302 0.817287 0
11.2476 -0.90463 0
17.4955 -0.837903 0
15.5543 -0.91118 0
23.552 -0.926536 0
20.6768 0.646977 0
13.7542 -0.754841 0
6.75165 0.92651 0
3.26722 0.698484 0
13.25 0.744003 0
5.89397 0.837563 0
19.9821 0.74683 0
3.18038 0.647816 0
10.3412 -0.917016 0
11.1549 0.756347 0
16.4407 0.913986 0
10.2826 0.746636 0
0.640935 0.916175 0
9.32834 0.813768 0
2.3999 0.172218 0
1.50657 0.837727 0
16.3516 0.659953 0
7.74164 -0.916533 0
11.9581 0.916901 0
11.0927 -0.837643 0
4.73758 0.645484 0
24.5572 0.902707 0
21.6577 0.916749 0
20.7925 0.838781 0
14.7834 0.645286 0
14.8716 0.697981 0
2.49397 0.35 0
24.9175 0.846179 0
0.0790908 0.151974 0
0.154 0.919334 0
6.25036 -0.919819 0
14.0961 0.644816 0
3.09351 0.789488 0
20.4994 0.83752 0
20.5506 -0.923211 0
19.8945 0.789672 0
10.195 0.789499 0
24.9209 -0.854946 0
14.1814 0.698159 0
16.6877 -0.643655 0
16.7773 -0.697083 0
7.04758 -0.915333 0
14.6974 0.78826 0
22.3521 -0.915385 0
14.0955 -0.739923 0
16.9912 0.839942 0
5.65075 0.91977 0
5.60414 0.739791 0
0.200081 0.835185 0
8.20856 0.642615 0
14.0492 -0.920002 0
21.2482 0.915646 0
8.1152 0.696756 0
16.5897 0.837734 0
11.5484 0.915678 0
12.613 0.799185 0
16.65 -0.922886 0
18.6518 -0.916308 0
1.05096 0.915901 0
1.0509 0.0842369 0
20.5038 -0.744134 0
16.6012 -0.787212 0
10.7462 -0.917437 0
6.29726 -0.742955 0
24.7472 0.703934 0
24.9149 0.531538 0
24.9321 0.446308 0
24.8138 0.3508 0
24.9306 0.252927 0
24.8409 0.0989527 0
24.9188 -0.756349 0
24.8124 -0.647198 0
24.9318 -0.55 0
24.8128 -0.45 0
24.9318 -0.35 0
24.7372 -0.00429351 0
24.8136 -0.250825 0
24.9302 -0.15298 0
6.35445 0.917478 0
12.1932 0.64093 0
10.9731 -0.741562 0
5.71101 0.834606 0
8.24312 0.920029 0
23.153 -0.916885 0
23.0466 -0.916617 0
15.9921 -0.851176 0
16.0075 0.846854 0
13.9887 -0.834803 0
1.62556 0.741307 0
11.2973 0.834821 0
6.24627 0.917135 0
5.7656 0.748198 0
13.9337 -0.748513 0
8.90623 -0.846828 0
0.161731 0.4 0
0.161749 0.3 0
0.161731 0.5 0
0.161731 0.6 0
0.16044 0.695503 0
0.159599 0.198449 0
20.593 -0.788985 0
10.8573 -0.918316 0
8.48416 0.799477 0
1.15492 0.917022 0
1.15488 0.0829882 0
1.79001 0.148781 0
1.80101 0.83715 0
17.3806 -0.7417 0
18.5477 -0.915727 0
14.75 0.925474 0
24.4807 -0.740139 0
13.8181 0.802889 0
12.0972 0.696021 0
24.3177 -0.739804 0
4.39957 0.838115 0
5.6 -0.83923 0
4.39957 0.161882 0
15.3202 -0.844517 0
15.3 0.839249 0
21.1997 -0.838102 0
11.4816 -0.846083 0
8.20017 -0.838086 0
11.4442 0.917113 0
17.9196 -0.844034 0
17.9002 0.838182 0
18.5809 0.843747 0
8.9 0.839323 0
10.8185 0.843721 0
3.70095 0.157893 0
3.70022 0.840955 0
13.3997 -0.842273 0
23.1 0.839611 0
6.20651 -0.786501 0
21.1443 0.917248 0
22.4011 0.838336 0
14.0544 0.923309 0
23.7787 -0.844492 0
23.7991 0.838959 0
12.7016 -0.838088 0
3.00979 0.837726 0
6.97777 0.844123 0
3.0031 0.15968 0
19.8024 -0.838499 0
19.8102 0.83752 0
22.4537 -0.915973 0
10.1228 -0.843371 0
10.1109 0.837493 0
0.421293 0.844323 0
9.59654 -0.836725 0
9.59647 0.837397 0
0.40344 0.163378 0
6.94613 -0.915784 0
10.25 0.927109 0
19.2963 -0.83811 0
19.2969 0.835695 0
17.2032 -0.835954 0
17.2059 0.836862 0
19.95 0.927361 0
2.49541 0.837178 0
7.50448 0.837889 0
7.52377 -0.843638 0
2.49531 0.160376 0
24.3242 0.843599 0
21.8939 -0.838841 0
21.8763 0.844278 0
14.6046 -0.836491 0
14.6133 0.837025 0
3.1493 0.926316 0
16.8735 0.731924 0
5.09386 0.837425 0
4.90614 0.162575 0
8.36864 0.533652 0
14.7938 -0.837315 0
12.0068 -0.838519 0
2.30675 0.836035 0
7.6922 0.836975 0
17.3914 0.838428 0
19.1073 -0.836023 0
19.1073 0.836023 0
9.40707 -0.835694 0
0.590975 0.163345 0
19.9923 -0.835659 0
21.75 0.929083 0
24.45 0.929116 0
16.5204 -0.837318 0
12.05 0.929205 0
12.8692 0.548078 0
3.19106 0.162632 0
6.80897 -0.836447 0
7.65 -0.929325 0
12.8913 -0.835291 0
23.6098 0.836185 0
22.6086 -0.841996 0
22.591 0.835279 0
9.41134 0.836183 0
0.55 0.929644 0
10.25 -0.929757 0
5.80743 -0.842841 0
4.21052 0.163824 0
4.20998 0.835849 0
15.4872 0.835715 0
21.0111 -0.835836 0
21.0132 0.835637 0
6.85 0.930058 0
8.38831 -0.835812 0
23.65 -0.930242 0
18.0859 0.835436 0
12.9729 0.487925 0
18.4131 -0.834763 0
1.28548 0.835073 0
8.71226 -0.835101 0
1.28635 0.164596 0
15.45 -0.930548 0
14.0104 0.688804 0
11.35 -0.930717 0
8.71379 0.836164 0
12.2001 -0.843211 0
1.65035 0.0705231 0
15.8149 0.834468 0
20.6481 -0.927035 0
18.05 -0.930906 0
6.12564 -0.835679 0
6.11571 0.834739 0
3.8838 0.835029 0
18.45 0.930974 0
13.5835 -0.834053 0
10.9492 0.929207 0
22.9156 -0.834043 0
22.9178 0.834621 0
23.2843 -0.83452 0
23.2855 0.834345 0
15.8513 -0.92784 0
3.51474 0.833692 0
3.51475 0.166329 0
6.4838 0.834212 0
10.6168 -0.83435 0
10.6157 0.833608 0
3.88579 0.163382 0
0.917089 0.834204 0
0.917623 0.166697 0
18.7818 -0.835753 0
18.7832 0.834199 0
6.4516 -0.932077 0
17.7192 -0.8336 0
9.05 0.931957 0
13.5839 0.836079 0
17.75 0.932075 0
11.6809 0.833103 0
8.05 -0.932141 0
8.05 0.932141 0
24.8322 -0.829315 0
21.3817 0.833305 0
21.35 -0.932268 0
15.1181 -0.833515 0
15.1185 0.834224 0
20.3479 -0.932448 0
4.55 0.932371 0
4.55 0.0676286 0
5.44879 0.932626 0
13.2154 -0.836606 0
14.2516 -0.932558 0
22.25 0.93247 0
12.55 0.932524 0
22.2197 -0.833499 0
23.9794 -0.833375 0
23.9788 0.832587 0
21.7317 -0.75018 0
16.851 -0.932823 0
7.17831 -0.833007 0
7.179 0.83336 0
2.81977 0.16715 0
9.75413 -0.93057 0
9.75113 0.932767 0
0.25 0.0672422 0
19.6206 -0.833691 0
2.65 0.932875 0
2.65353 0.0694321 0
9.92102 -0.832603 0
5.25 -0.933013 0
14.9519 -0.931558 0
14.9505 0.932647 0
19.4772 -0.833607 0
11.8492 -0.932391 0
2.15 0.933126 0
18.95 -0.93317 0
18.949 0.932126 0
14.4455 -0.93215 0
14.4453 0.932677 0
9.24675 -0.932612 0
10.45 0.933215 0
7.32302 -0.832144 0
7.32273 0.832715 0
20.15 -0.933235 0
20.1514 0.933717 0
16.3492 -0.933156 0
3.35 0.933264 0
6.64872 -0.933059 0
3.35057 0.0678982 0
13.05 -0.933279 0
23.4496 0.932135 0
22.7504 0.932736 0
13.7487 0.932012 0
4.05 0.0666897 0
4.05 0.93331 0
20.85 -0.933323 0
8.55 -0.933332 0
8.55061 0.932314 0
24.1236 0.832104 0
22.0773 -0.83402 0
22.0753 0.833943 0
16.796 0.848414 0
12.3555 -0.933274 0
4.72668 0.166527 0
5.01005 0.682596 0
21.5248 0.832983 0
11.8269 0.83263 0
7.8716 -0.833978 0
7.87169 0.833294 0
17.5725 0.834336 0
0.773592 0.833005 0
0.773105 0.167129 0
19.4539 0.932213 0
10.4734 -0.833183 0
8.36101 0.919108 0
8.27859 0.684488 0
6.63509 0.832051 0
23.4359 -0.831973 0
22.7639 -0.831961 0
9.94607 0.932027 0
5.96308 -0.831888 0
16.7856 0.679767 0
15.66 -0.836254 0
15.66 0.835756 0
19.6463 0.93179 0
1.4413 0.164112 0
18.2582 -0.835866 0
18.2584 0.836063 0
5.45 -0.934581 0
11.6852 -0.836749 0
2.84505 0.931779 0
24.648 0.831356 0
14.2511 0.934823 0
12.55 -0.935313 0
1.95391 0.932858 0
1.96159 0.0698064 0
9.06153 -0.930283 0
16.1625 -0.929895 0
16.1628 0.930284 0
20.338 0.929788 0
17.0466 -0.934166 0
13.9363 0.921739 0
13.1491 0.57845 0
12.3781 0.838733 0
24.1221 -0.838771 0
5.25289 0.934656 0
20.599 0.679074 0
13.4996 0.678302 0
13.9397 0.726749 0
12.8 0.678894 0
13.3012 0.67803 0
24.677 -0.840885 0
4.72202 0.839506 0
2.15 0.0609759 0
21.5224 -0.839724 0
17.5758 -0.839142 0
2.30244 0.148579 0
9.25 0.939675 0
24.9268 0.926795 0
0.0732051 0.0732051 0
5.02679 0.1 0
0.0732051 0.926795 0
5.07321 -0.926795 0
16.6982 0.62632 0
16.35 0.940322 0
24.9273 -0.927304 0
5.97303 0.839715 0
4.81096 0.675891 0
20.4756 0.749421 0
24.8168 0.17162 0
1.42701 0.840715 0
12.6792 0.745777 0
8.49274 0.6 0
13.7241 -0.840465 0
11.1708 -0.840236 0
24.8147 0.631547 0
24.8127 -0.0689549 0
20.8717 0.841042 0
16.5008 0.855588 0
11.1256 0.841581 0
21.6128 -0.67543 0
16.9532 0.773862 0
12.2538 0.770825 0
24.2396 -0.770824 0
24.5592 -0.771906 0
0.154764 0.772354 0
17.4587 -0.772236 0
11.2452 0.773608 0
13.85 -0.772177 0
5.84944 0.77195 0
14.7041 0.864844 0
1.54547 0.771617 0
6.20359 -0.861018 0
16.6028 -0.862834 0
11.0493 -0.772315 0
5.67033 0.769911 0
16.6164 0.57484 0
20.7509 0.772931 0
14.0291 -0.769849 0
10.2055 0.866139 0
19.9052 0.866108 0
15.4033 -0.869072 0
20.5995 -0.866456 0
11.3973 -0.869137 0
3.10477 0.866061 0
23.6914 -0.870874 0
1.70364 0.130845 0
6.89154 0.870939 0
18.0039 -0.869015 0
16.0253 -0.9342 0
16.0234 0.930585 0
10.204 -0.869377 0
18.498 0.868547 0
0.503787 0.869066 0
7.60285 -0.868323 0
12.1017 0.863518 0
20.4779 0.930222 0
24.4046 0.869236 0
10.9015 0.868104 0
21.7954 0.86935 0
15.9022 -0.868815 0
22.6938 -0.861847 0
1.82435 0.065758 0
8.92378 -0.930978 0
17.07 0.845467 0
5.89305 -0.861813 0
23.5147 -0.863011 0
6.71442 0.863121 0
